   1.7845000e-02   2.0000000e-02
   3.5674000e-02   4.0000000e-02
   5.3682000e-02   6.0000000e-02
   7.1663000e-02   8.0000000e-02
   8.9325000e-02   1.0000000e-01
   1.0698700e-01   1.2000000e-01
   1.2512200e-01   1.4000000e-01
   1.4335700e-01   1.6000000e-01
   1.6099400e-01   1.8000000e-01
   1.7836500e-01   2.0000000e-01
   1.9642300e-01   2.2000000e-01
   2.1497200e-01   2.4000000e-01
   2.3282700e-01   2.6000000e-01
   2.4993400e-01   2.8000000e-01
   2.6767100e-01   3.0000000e-01
   2.8643300e-01   3.2000000e-01
   3.0473300e-01   3.4000000e-01
   3.2176800e-01   3.6000000e-01
   3.3901000e-01   3.8000000e-01
   3.5772800e-01   4.0000000e-01
   3.7658400e-01   4.2000000e-01
   3.9386100e-01   4.4000000e-01
   4.1059300e-01   4.6000000e-01
   4.2893300e-01   4.8000000e-01
   4.4827000e-01   5.0000000e-01
   4.6612300e-01   5.2000000e-01
   4.8253400e-01   5.4000000e-01
   5.0019900e-01   5.6000000e-01
   5.1974000e-01   5.8000000e-01
   5.3840700e-01   6.0000000e-01
   5.5486700e-01   6.2000000e-01
   5.7171500e-01   6.4000000e-01
   5.9103400e-01   6.6000000e-01
   6.1055300e-01   6.8000000e-01
   6.2752500e-01   7.0000000e-01
   6.4365400e-01   7.2000000e-01
   6.6229300e-01   7.4000000e-01
   6.8244800e-01   7.6000000e-01
   7.0035300e-01   7.8000000e-01
   7.1611600e-01   8.0000000e-01
   7.3373000e-01   8.2000000e-01
   7.5406900e-01   8.4000000e-01
   7.7315000e-01   8.6000000e-01
   7.8909200e-01   8.8000000e-01
   8.0557900e-01   9.0000000e-01
   8.2551200e-01   9.2000000e-01
   8.4572900e-01   9.4000000e-01
   8.6245500e-01   9.6000000e-01
   8.7802700e-01   9.8000000e-01
   8.9698100e-01   1.0000000e+00
   9.1797600e-01   1.0200000e+00
   9.3598700e-01   1.0400000e+00
   9.5115800e-01   1.0600000e+00
   9.6874800e-01   1.0800000e+00
   9.8990000e-01   1.1000000e+00
   1.0094370e+00   1.1200000e+00
   1.0249220e+00   1.1400000e+00
   1.0410860e+00   1.1600000e+00
   1.0616490e+00   1.1800000e+00
   1.0825920e+00   1.2000000e+00
   1.0991310e+00   1.2200000e+00
   1.1141980e+00   1.2400000e+00
   1.1334890e+00   1.2600000e+00
   1.1553420e+00   1.2800000e+00
   1.1735080e+00   1.3000000e+00
   1.1881500e+00   1.3200000e+00
   1.2057490e+00   1.3400000e+00
   1.2277280e+00   1.3600000e+00
   1.2477560e+00   1.3800000e+00
   1.2628470e+00   1.4000000e+00
   1.2787400e+00   1.4200000e+00
   1.2999490e+00   1.4400000e+00
   1.3216390e+00   1.4600000e+00
   1.3380470e+00   1.4800000e+00
   1.3526740e+00   1.5000000e+00
   1.3723300e+00   1.5200000e+00
   1.3950530e+00   1.5400000e+00
   1.4134150e+00   1.5600000e+00
   1.4275980e+00   1.5800000e+00
   1.4452530e+00   1.6000000e+00
   1.4680710e+00   1.6200000e+00
   1.4886140e+00   1.6400000e+00
   1.5033760e+00   1.6600000e+00
   1.5190630e+00   1.6800000e+00
   1.5409410e+00   1.7000000e+00
   1.5633880e+00   1.7200000e+00
   1.5797140e+00   1.7400000e+00
   1.5939780e+00   1.7600000e+00
   1.6140440e+00   1.7800000e+00
   1.6376420e+00   1.8000000e+00
   1.6562270e+00   1.8200000e+00
   1.6700270e+00   1.8400000e+00
   1.6878080e+00   1.8600000e+00
   1.7114780e+00   1.8800000e+00
   1.7325420e+00   1.9000000e+00
   1.7470370e+00   1.9200000e+00
   1.7626050e+00   1.9400000e+00
   1.7851900e+00   1.9600000e+00
   1.8083860e+00   1.9800000e+00
   1.8246660e+00   2.0000000e+00
   1.8386600e+00   2.0200000e+00
   1.8592060e+00   2.0400000e+00
   1.8836740e+00   2.0600000e+00
   1.9024880e+00   2.0800000e+00
   1.9159870e+00   2.1000000e+00
   1.9339930e+00   2.1200000e+00
   1.9585340e+00   2.1400000e+00
   1.9800990e+00   2.1600000e+00
   1.9943800e+00   2.1800000e+00
   2.0099500e+00   2.2000000e+00
   2.0332980e+00   2.2200000e+00
   2.0572160e+00   2.2400000e+00
   2.0734610e+00   2.2600000e+00
   2.0873050e+00   2.2800000e+00
   2.1084320e+00   2.3000000e+00
   2.1337570e+00   2.3200000e+00
   2.1527700e+00   2.3400000e+00
   2.1660600e+00   2.3600000e+00
   2.1844340e+00   2.3800000e+00
   2.2098730e+00   2.4000000e+00
   2.2318790e+00   2.4200000e+00
   2.2459900e+00   2.4400000e+00
   2.2617230e+00   2.4600000e+00
   2.2859210e+00   2.4800000e+00
   2.3104970e+00   2.5000000e+00
   2.3266890e+00   2.5200000e+00
   2.3405350e+00   2.5400000e+00
   2.3623930e+00   2.5600000e+00
   2.3885440e+00   2.5800000e+00
   2.4076790e+00   2.6000000e+00
   2.4208680e+00   2.6200000e+00
   2.4398110e+00   2.6400000e+00
   2.4661780e+00   2.6600000e+00
   2.4885140e+00   2.6800000e+00
   2.5024870e+00   2.7000000e+00
   2.5186070e+00   2.7200000e+00
   2.5437700e+00   2.7400000e+00
   2.5688950e+00   2.7600000e+00
   2.5849820e+00   2.7800000e+00
   2.5990290e+00   2.8000000e+00
   2.6218240e+00   2.8200000e+00
   2.6487360e+00   2.8400000e+00
   2.6678620e+00   2.8600000e+00
   2.6810830e+00   2.8800000e+00
   2.7008710e+00   2.9000000e+00
   2.7281910e+00   2.9200000e+00
   2.7506780e+00   2.9400000e+00
   2.7645460e+00   2.9600000e+00
   2.7813550e+00   2.9800000e+00
   2.8076250e+00   3.0000000e+00
   2.8331200e+00   3.0200000e+00
   2.8490140e+00   3.0400000e+00
   2.8635400e+00   3.0600000e+00
   2.8875350e+00   3.0800000e+00
   2.9150880e+00   3.1000000e+00
   2.9340100e+00   3.1200000e+00
   2.9474560e+00   3.1400000e+00
   2.9684490e+00   3.1600000e+00
   2.9967150e+00   3.1800000e+00
   3.0190850e+00   3.2000000e+00
