   0.0000000e+00   1.0667729e+00
   1.0937200e-02   1.0670555e+00
   2.1874200e-02   1.0671059e+00
   3.2811500e-02   1.0670104e+00
   4.3749500e-02   1.0668883e+00
   5.4691300e-02   1.0664079e+00
   6.5634100e-02   1.0655561e+00
   7.6574400e-02   1.0654145e+00
   8.7525100e-02   1.0658379e+00
   9.8473000e-02   1.0661334e+00
   1.0942400e-01   1.0652145e+00
   1.2037200e-01   1.0646850e+00
   1.3132300e-01   1.0635096e+00
   1.4227500e-01   1.0631798e+00
   1.5321800e-01   1.0628051e+00
   1.6416400e-01   1.0628184e+00
   1.7509700e-01   1.0633739e+00
   1.8604500e-01   1.0647568e+00
   1.9699300e-01   1.0646704e+00
   2.0792000e-01   1.0637059e+00
   2.1886000e-01   1.0631950e+00
   2.2981300e-01   1.0625963e+00
   2.4076700e-01   1.0619171e+00
   2.5171000e-01   1.0619269e+00
   2.6267400e-01   1.0620926e+00
   2.7365300e-01   1.0625482e+00
   2.8464000e-01   1.0614918e+00
   2.9562200e-01   1.0599117e+00
   3.0658900e-01   1.0579851e+00
   3.1761700e-01   1.0571716e+00
   3.2863000e-01   1.0561010e+00
   3.3961800e-01   1.0553916e+00
   3.5060600e-01   1.0553380e+00
   3.6162200e-01   1.0552823e+00
   3.7263800e-01   1.0542919e+00
   3.8360800e-01   1.0525995e+00
   3.9460000e-01   1.0511580e+00
   4.0556800e-01   1.0502296e+00
   4.1659600e-01   1.0499237e+00
   4.2757200e-01   1.0500977e+00
   4.3851500e-01   1.0497553e+00
   4.4952500e-01   1.0498661e+00
   4.6055500e-01   1.0483319e+00
   4.7157300e-01   1.0468337e+00
   4.8257700e-01   1.0452190e+00
   4.9362300e-01   1.0443589e+00
   5.0469000e-01   1.0435819e+00
   5.1580200e-01   1.0425720e+00
   5.2683500e-01   1.0411242e+00
   5.3791900e-01   1.0392531e+00
   5.4908300e-01   1.0372936e+00
   5.6020600e-01   1.0350992e+00
   5.7128600e-01   1.0333659e+00
   5.8239300e-01   1.0327127e+00
   5.9352800e-01   1.0319436e+00
   6.0467300e-01   1.0308333e+00
   6.1573000e-01   1.0286949e+00
   6.2681400e-01   1.0265760e+00
   6.3794300e-01   1.0243361e+00
   6.4902500e-01   1.0228684e+00
   6.6013200e-01   1.0219976e+00
   6.7119000e-01   1.0217936e+00
   6.8235700e-01   1.0211872e+00
   6.9350600e-01   1.0190937e+00
   7.0466200e-01   1.0164357e+00
   7.1581200e-01   1.0138822e+00
   7.2700100e-01   1.0113646e+00
   7.3829800e-01   1.0094224e+00
   7.4949900e-01   1.0081217e+00
   7.6076900e-01   1.0066157e+00
   7.7205300e-01   1.0045882e+00
   7.8346700e-01   1.0020510e+00
   7.9470300e-01   1.0029074e+00
   8.0598400e-01   1.0058023e+00
   8.1738200e-01   1.0080094e+00
   8.2869300e-01   1.0096519e+00
   8.4001600e-01   1.0109754e+00
   8.5126300e-01   1.0128057e+00
   8.6258700e-01   1.0158827e+00
   8.7397500e-01   1.0192032e+00
   8.8523600e-01   1.0223302e+00
   8.9654200e-01   1.0248174e+00
   9.0786700e-01   1.0263132e+00
   9.1939400e-01   1.0279782e+00
   9.3066000e-01   1.0301567e+00
   9.4209400e-01   1.0338183e+00
   9.5356500e-01   1.0379329e+00
   9.6513900e-01   1.0422467e+00
   9.7674100e-01   1.0457676e+00
   9.8823000e-01   1.0488612e+00
   9.9988400e-01   1.0510194e+00
   1.0115800e+00   1.0544115e+00
   1.0233500e+00   1.0589371e+00
   1.0348700e+00   1.0636233e+00
   1.0466300e+00   1.0684183e+00
   1.0584600e+00   1.0728365e+00
   1.0701700e+00   1.0758352e+00
   1.0819400e+00   1.0788234e+00
   1.0935200e+00   1.0824664e+00
   1.1054300e+00   1.0867564e+00
   1.1172000e+00   1.0920921e+00
   1.1289900e+00   1.0967477e+00
   1.1406800e+00   1.1009352e+00
   1.1526800e+00   1.1043106e+00
   1.1646400e+00   1.1086495e+00
   1.1765700e+00   1.1135419e+00
   1.1885900e+00   1.1192740e+00
   1.2007700e+00   1.1255235e+00
   1.2131200e+00   1.1316049e+00
   1.2253100e+00   1.1368482e+00
   1.2376900e+00   1.1426196e+00
   1.2501200e+00   1.1492090e+00
   1.2626800e+00   1.1566636e+00
   1.2753100e+00   1.1644151e+00
   1.2879200e+00   1.1711302e+00
   1.3006800e+00   1.1779082e+00
   1.3134100e+00   1.1851736e+00
   1.3263200e+00   1.1934905e+00
   1.3391200e+00   1.2021666e+00
   1.3521200e+00   1.2105431e+00
   1.3651400e+00   1.2184903e+00
   1.3784000e+00   1.2266579e+00
   1.3916900e+00   1.2357209e+00
   1.4049100e+00   1.2465575e+00
   1.4187600e+00   1.2577308e+00
   1.4325000e+00   1.2685180e+00
   1.4465400e+00   1.2791085e+00
   1.4608400e+00   1.2910975e+00
   1.4754700e+00   1.3051050e+00
   1.4904100e+00   1.3205550e+00
   1.5055200e+00   1.3358298e+00
   1.5213200e+00   1.3520050e+00
   1.5372800e+00   1.3699775e+00
   1.5540900e+00   1.3904093e+00
   1.5716000e+00   1.4131262e+00
   1.5951500e+00   1.4415895e+00
   1.6170200e+00   1.4885088e+00
   1.6390800e+00   1.5314036e+00
   1.6595900e+00   1.5707959e+00
   1.6892300e+00   1.6366952e+00
   1.7080600e+00   1.6731649e+00
   1.7399500e+00   1.7402226e+00
   1.7639400e+00   1.7604887e+00
   1.7951500e+00   1.7988934e+00
   1.8217300e+00   1.8363050e+00
   1.8442800e+00   1.8621850e+00
   1.8721200e+00   1.8952802e+00
   1.9084300e+00   1.9417095e+00
   1.9400300e+00   1.9945513e+00
   1.9822200e+00   2.0458350e+00
