   0.0000000e+00   1.1175551e+00
   1.0894000e-02   1.1189184e+00
   2.1788200e-02   1.1192564e+00
   3.2692900e-02   1.1187967e+00
   4.3607500e-02   1.1183643e+00
   5.4498500e-02   1.1173626e+00
   6.5384800e-02   1.1168103e+00
   7.6334200e-02   1.1164682e+00
   8.7179700e-02   1.1155205e+00
   9.8132300e-02   1.1143468e+00
   1.0906700e-01   1.1124956e+00
   1.1995600e-01   1.1107504e+00
   1.3087100e-01   1.1097361e+00
   1.4180400e-01   1.1089811e+00
   1.5277100e-01   1.1091994e+00
   1.6368800e-01   1.1097042e+00
   1.7462800e-01   1.1099675e+00
   1.8549000e-01   1.1102145e+00
   1.9635700e-01   1.1102539e+00
   2.0724200e-01   1.1105175e+00
   2.1819100e-01   1.1115339e+00
   2.2911400e-01   1.1126153e+00
   2.3997000e-01   1.1141085e+00
   2.5088900e-01   1.1152138e+00
   2.6171600e-01   1.1153933e+00
   2.7256900e-01   1.1149586e+00
   2.8341400e-01   1.1136331e+00
   2.9438200e-01   1.1125605e+00
   3.0535200e-01   1.1116390e+00
   3.1630600e-01   1.1106490e+00
   3.2744500e-01   1.1099662e+00
   3.3824400e-01   1.1083692e+00
   3.4899700e-01   1.1065362e+00
   3.6010700e-01   1.1043561e+00
   3.7120900e-01   1.1022021e+00
   3.8211200e-01   1.1009127e+00
   3.9299200e-01   1.1004032e+00
   4.0397600e-01   1.1004086e+00
   4.1497600e-01   1.1011703e+00
   4.2607500e-01   1.1014999e+00
   4.3687100e-01   1.1017383e+00
   4.4783100e-01   1.1015500e+00
   4.5876700e-01   1.1015162e+00
   4.6922600e-01   1.1021761e+00
   4.7989600e-01   1.1028793e+00
   4.9104100e-01   1.1036116e+00
   5.0212400e-01   1.1040270e+00
   5.1315000e-01   1.1030877e+00
   5.2402800e-01   1.1016891e+00
   5.3493600e-01   1.0998966e+00
   5.4624800e-01   1.0983392e+00
   5.5732800e-01   1.0969704e+00
   5.6813600e-01   1.0956798e+00
   5.7945900e-01   1.0945345e+00
   5.9030000e-01   1.0927786e+00
   6.0108800e-01   1.0900533e+00
   6.1201800e-01   1.0876889e+00
   6.2294100e-01   1.0854021e+00
   6.3430300e-01   1.0841195e+00
   6.4548500e-01   1.0836169e+00
   6.5685200e-01   1.0837836e+00
   6.6772000e-01   1.0840534e+00
   6.7894900e-01   1.0837121e+00
   6.8970400e-01   1.0829318e+00
   7.0063900e-01   1.0827343e+00
   7.1133900e-01   1.0822044e+00
   7.2228900e-01   1.0823680e+00
   7.3303400e-01   1.0829467e+00
   7.4352400e-01   1.0832264e+00
   7.5523900e-01   1.0826663e+00
   7.6627900e-01   1.0809841e+00
   7.7793400e-01   1.0786887e+00
   7.8903500e-01   1.0762522e+00
   8.0009000e-01   1.0735233e+00
   8.1095900e-01   1.0716468e+00
   8.2159900e-01   1.0699037e+00
   8.3264800e-01   1.0679470e+00
   8.4340400e-01   1.0655102e+00
   8.5460200e-01   1.0626725e+00
   8.6581900e-01   1.0599493e+00
   8.7795300e-01   1.0574704e+00
   8.8933700e-01   1.0559498e+00
   9.0093200e-01   1.0552422e+00
   9.1194700e-01   1.0550767e+00
   9.2224700e-01   1.0547211e+00
   9.3328100e-01   1.0538961e+00
   9.4353000e-01   1.0527348e+00
   9.5393800e-01   1.0515378e+00
   9.6482700e-01   1.0507885e+00
   9.7662200e-01   1.0501544e+00
   9.8793600e-01   1.0494667e+00
   9.9959600e-01   1.0489093e+00
   1.0109400e+00   1.0468955e+00
   1.0218000e+00   1.0441693e+00
   1.0335300e+00   1.0411158e+00
   1.0440300e+00   1.0379432e+00
   1.0548400e+00   1.0350890e+00
   1.0659300e+00   1.0324668e+00
   1.0775300e+00   1.0298821e+00
   1.0896700e+00   1.0268995e+00
   1.1015000e+00   1.0228824e+00
   1.1132800e+00   1.0193311e+00
   1.1245300e+00   1.0164426e+00
   1.1362000e+00   1.0145164e+00
   1.1462000e+00   1.0134351e+00
   1.1573900e+00   1.0126543e+00
   1.1695300e+00   1.0113054e+00
   1.1806000e+00   1.0092298e+00
   1.1917400e+00   1.0067867e+00
   1.2023700e+00   1.0046225e+00
   1.2139200e+00   1.0037784e+00
   1.2247200e+00   1.0033539e+00
   1.2366100e+00   1.0024783e+00
   1.2482100e+00   1.0025231e+00
   1.2596900e+00   1.0055375e+00
   1.2723200e+00   1.0101618e+00
   1.2842500e+00   1.0143365e+00
   1.2961500e+00   1.0180344e+00
   1.3074500e+00   1.0210218e+00
   1.3179700e+00   1.0243971e+00
   1.3283800e+00   1.0287888e+00
   1.3398900e+00   1.0344157e+00
   1.3514800e+00   1.0399925e+00
   1.3638100e+00   1.0444695e+00
   1.3777200e+00   1.0478300e+00
   1.3903300e+00   1.0497459e+00
   1.4031300e+00   1.0522248e+00
   1.4134100e+00   1.0553661e+00
   1.4231300e+00   1.0594975e+00
   1.4331500e+00   1.0634462e+00
   1.4440500e+00   1.0665566e+00
   1.4567500e+00   1.0686733e+00
   1.4703800e+00   1.0709410e+00
   1.4836800e+00   1.0746996e+00
   1.4960600e+00   1.0793843e+00
   1.5073800e+00   1.0847918e+00
   1.5171600e+00   1.0896583e+00
   1.5276400e+00   1.0946324e+00
   1.5389000e+00   1.1000460e+00
   1.5517200e+00   1.1065055e+00
   1.5655900e+00   1.1136310e+00
   1.5801700e+00   1.1207270e+00
   1.5951100e+00   1.1272931e+00
   1.6072900e+00   1.1330615e+00
   1.6185700e+00   1.1397684e+00
   1.6298700e+00   1.1471611e+00
   1.6408200e+00   1.1548153e+00
   1.6540900e+00   1.1613990e+00
   1.6685400e+00   1.1668122e+00
   1.6815100e+00   1.1723452e+00
   1.6939900e+00   1.1794406e+00
   1.7073800e+00   1.1875685e+00
   1.7194900e+00   1.1949545e+00
   1.7308700e+00   1.2020206e+00
   1.7445400e+00   1.2089652e+00
   1.7588600e+00   1.2177830e+00
   1.7740500e+00   1.2282343e+00
   1.7878200e+00   1.2386766e+00
   1.8012900e+00   1.2489219e+00
   1.8161100e+00   1.2602280e+00
   1.8303100e+00   1.2735289e+00
   1.8456600e+00   1.2879887e+00
   1.8609200e+00   1.3018277e+00
   1.8776100e+00   1.3165298e+00
   1.8924000e+00   1.3326255e+00
   1.9085000e+00   1.3504293e+00
   1.9247000e+00   1.3680839e+00
   1.9403500e+00   1.3862999e+00
   1.9593900e+00   1.4068235e+00
   1.9814500e+00   1.4304981e+00
   2.0087400e+00   1.4670095e+00
   2.0431100e+00   1.5214330e+00
   2.0603100e+00   1.5435631e+00
   2.0910700e+00   1.5833819e+00
   2.1282000e+00   1.6108773e+00
   2.1629700e+00   1.6509776e+00
   2.1875900e+00   1.6842657e+00
   2.2348800e+00   1.7180690e+00
   2.2575700e+00   1.7549781e+00
   2.2878500e+00   1.7918395e+00
   2.3329000e+00   1.8397416e+00
   2.3773900e+00   1.8866730e+00
   2.4252200e+00   1.9330999e+00
   2.4610300e+00   1.9772208e+00
   2.5115800e+00   2.0277867e+00
   2.5692200e+00   2.0839719e+00
   2.6352100e+00   2.1448475e+00
   2.6995800e+00   2.2103738e+00
   2.7728700e+00   2.2768935e+00
