   0.0000000e+00   1.0000000e+00
   0.0000000e+00   1.0000000e+00
   0.0000000e+00   1.0000000e+00
   0.0000000e+00   1.0000000e+00
   0.0000000e+00   1.0000000e+00
   0.0000000e+00   1.0000000e+00
   0.0000000e+00   1.0000000e+00
   0.0000000e+00   1.0000000e+00
   0.0000000e+00   1.0000000e+00
   0.0000000e+00   1.0000000e+00
   0.0000000e+00   1.0000000e+00
   0.0000000e+00   1.0000000e+00
   0.0000000e+00   1.0000000e+00
   0.0000000e+00   1.0000000e+00
   0.0000000e+00   1.0000000e+00
   0.0000000e+00   1.0000000e+00
   0.0000000e+00   1.0000000e+00
   0.0000000e+00   1.0000000e+00
   0.0000000e+00   1.0000000e+00
   0.0000000e+00   1.0000000e+00
   0.0000000e+00   1.0000000e+00
   0.0000000e+00   1.0000000e+00
   0.0000000e+00   1.0000000e+00
   0.0000000e+00   1.0000000e+00
   0.0000000e+00   1.0000000e+00
   0.0000000e+00   1.0000000e+00
   0.0000000e+00   1.0000000e+00
   0.0000000e+00   1.0000000e+00
   0.0000000e+00   1.0000000e+00
   0.0000000e+00   1.0000000e+00
   1.0991000e-02   1.0077685e+00
   2.1977000e-02   1.0155086e+00
   3.2957000e-02   1.0231603e+00
   4.3940000e-02   1.0307766e+00
   5.4916000e-02   1.0383665e+00
   6.5893000e-02   1.0460223e+00
   7.6889000e-02   1.0538370e+00
   8.7873000e-02   1.0617092e+00
   9.8868000e-02   1.0695707e+00
   1.0990000e-01   1.0774720e+00
   1.2089000e-01   1.0853540e+00
   1.3194000e-01   1.0932059e+00
   1.4297000e-01   1.1012101e+00
   1.5397000e-01   1.1092796e+00
   1.6501000e-01   1.1174051e+00
   1.7606000e-01   1.1255868e+00
   1.8700000e-01   1.1332942e+00
   1.9807000e-01   1.1407998e+00
   2.0902000e-01   1.1482106e+00
   2.1999000e-01   1.1556061e+00
   2.3098000e-01   1.1632686e+00
   2.4193000e-01   1.1713015e+00
   2.5285000e-01   1.1792660e+00
   2.6385000e-01   1.1873818e+00
   2.7485000e-01   1.1951547e+00
   2.8574000e-01   1.2025166e+00
   2.9683000e-01   1.2100386e+00
   3.0787000e-01   1.2178396e+00
   3.1885000e-01   1.2259431e+00
   3.3004000e-01   1.2345600e+00
   3.4110000e-01   1.2436121e+00
   3.5216000e-01   1.2526508e+00
   3.6337000e-01   1.2616961e+00
   3.7448000e-01   1.2702809e+00
   3.8549000e-01   1.2782978e+00
   3.9669000e-01   1.2864485e+00
   4.0783000e-01   1.2944561e+00
   4.1868000e-01   1.3027332e+00
   4.2998000e-01   1.3111492e+00
   4.4085000e-01   1.3194283e+00
   4.5176000e-01   1.3275028e+00
   4.6292000e-01   1.3350993e+00
   4.7378000e-01   1.3425183e+00
   4.8471000e-01   1.3500841e+00
   4.9575000e-01   1.3585868e+00
   5.0687000e-01   1.3669390e+00
   5.1765000e-01   1.3755934e+00
   5.2904000e-01   1.3845872e+00
   5.4003000e-01   1.3931081e+00
   5.5105000e-01   1.4023131e+00
   5.6266000e-01   1.4115897e+00
   5.7361000e-01   1.4210443e+00
   5.8495000e-01   1.4313277e+00
   5.9641000e-01   1.4416767e+00
   6.0765000e-01   1.4517683e+00
   6.1877000e-01   1.4616606e+00
   6.3040000e-01   1.4713220e+00
   6.4129000e-01   1.4800376e+00
   6.5239000e-01   1.4889945e+00
   6.6394000e-01   1.4967766e+00
   6.7456000e-01   1.5050130e+00
   6.8576000e-01   1.5138149e+00
   6.9702000e-01   1.5222194e+00
   7.0770000e-01   1.5314383e+00
   7.1902000e-01   1.5405518e+00
   7.3011000e-01   1.5502110e+00
   7.4110000e-01   1.5606093e+00
   7.5247000e-01   1.5707482e+00
   7.6391000e-01   1.5806348e+00
   7.7522000e-01   1.5908831e+00
   7.8664000e-01   1.6013907e+00
   7.9849000e-01   1.6126581e+00
   8.0944000e-01   1.6250733e+00
   8.2139000e-01   1.6381915e+00
   8.3275000e-01   1.6518671e+00
   8.4397000e-01   1.6643693e+00
   8.5558000e-01   1.6752498e+00
   8.6729000e-01   1.6850881e+00
   8.7832000e-01   1.6944320e+00
   8.8998000e-01   1.7045861e+00
   9.0170000e-01   1.7153081e+00
   9.1226000e-01   1.7268296e+00
   9.2412000e-01   1.7384927e+00
   9.3538000e-01   1.7498527e+00
   9.4587000e-01   1.7612567e+00
   9.5805000e-01   1.7717024e+00
   9.6923000e-01   1.7829918e+00
   9.8043000e-01   1.7960942e+00
   9.9281000e-01   1.8102111e+00
   1.0045000e+00   1.8265258e+00
   1.0160000e+00   1.8433424e+00
   1.0285000e+00   1.8602247e+00
   1.0403000e+00   1.8791119e+00
   1.0518000e+00   1.8954096e+00
   1.0646000e+00   1.9131597e+00
   1.0763000e+00   1.9289564e+00
   1.0881000e+00   1.9462067e+00
   1.1010000e+00   1.9641844e+00
   1.1125000e+00   1.9823356e+00
   1.1247000e+00   2.0000292e+00
   1.1370000e+00   2.0161473e+00
   1.1488000e+00   2.0324420e+00
   1.1601000e+00   2.0482585e+00
   1.1728000e+00   2.0653873e+00
   1.1841000e+00   2.0841467e+00
   1.1960000e+00   2.1054735e+00
   1.2092000e+00   2.1296149e+00
   1.2210000e+00   2.1558108e+00
   1.2342000e+00   2.1825093e+00
   1.2479000e+00   2.2106744e+00
   1.2604000e+00   2.2447212e+00
   1.2738000e+00   2.2787870e+00
   1.2877000e+00   2.3214387e+00
   1.3005000e+00   2.3614528e+00
   1.3141000e+00   2.4051446e+00
   1.3287000e+00   2.4486766e+00
   1.3421000e+00   2.4984106e+00
   1.3569000e+00   2.5491993e+00
   1.3720000e+00   2.6058628e+00
   1.3857000e+00   2.6609436e+00
   1.4008000e+00   2.7238563e+00
   1.4159000e+00   2.7978651e+00
   1.4301000e+00   2.8950115e+00
   1.4478000e+00   3.0730627e+00
   1.4670000e+00   3.3032394e+00
   1.4860000e+00   3.6945436e+00
   1.5070000e+00   4.0084408e+00
   1.5309000e+00   4.6565379e+00
   1.5566000e+00   5.2654156e+00
   1.5785000e+00   5.1122916e+00
   1.6073000e+00   5.6913641e+00
   1.6254000e+00   5.4562487e+00
   1.6445000e+00   4.9487461e+00
   1.6695000e+00   5.1742357e+00
   1.6995000e+00   5.5579511e+00
   1.7231000e+00   5.6255070e+00
   1.7540000e+00   5.9228112e+00
   1.7888000e+00   5.9771762e+00
   1.8162000e+00   6.1569942e+00
   1.8454000e+00   6.1768712e+00
   1.8851000e+00   6.3584306e+00
   1.9169000e+00   6.7033674e+00
   1.9510000e+00   6.6856864e+00
   1.9858000e+00   7.1474497e+00
   2.0271000e+00   7.4595078e+00
   2.0770000e+00   7.9585699e+00
   2.1174000e+00   8.1077694e+00
   2.1629000e+00   8.5476453e+00
   2.2199000e+00   9.0237584e+00
   2.2669000e+00   9.7586014e+00
   2.3235000e+00   1.0500871e+01
   2.3883000e+00   1.1127580e+01
   2.4540000e+00   1.1485572e+01
   2.5309000e+00   1.1694768e+01
   2.5908000e+00   1.2102085e+01
   2.6692000e+00   1.2694688e+01
   2.7566000e+00   1.3547462e+01
   2.8477000e+00   1.4207936e+01
   2.9421000e+00   1.4689352e+01
   3.0459000e+00   1.5086098e+01
   3.1613000e+00   1.5829546e+01
   3.2775000e+00   1.6404706e+01
   3.4053000e+00   1.7235368e+01
   3.5304000e+00   1.8299293e+01
   3.6786000e+00   1.9194529e+01
   3.8184000e+00   1.9919833e+01
   3.9758000e+00   2.1822879e+01
   4.0697000e+00   2.3760427e+01
   4.1314000e+00   2.5425501e+01
   4.1084000e+00   2.6054158e+01
   3.9408000e+00   2.7180943e+01
   3.6392000e+00   2.8364709e+01
   3.1805000e+00   2.8929991e+01
   2.8956000e+00   2.8649637e+01
