   1.4253000e-13   2.8507000e-13
   2.5000000e-03   5.0000000e-03
   5.0000000e-03   1.0000000e-02
   7.5000000e-03   1.5000000e-02
   1.0000000e-02   2.0000000e-02
   1.2500000e-02   2.5000000e-02
   1.5000000e-02   3.0000000e-02
   1.7500000e-02   3.5000000e-02
   2.0000000e-02   4.0000000e-02
   2.2500000e-02   4.5000000e-02
   2.5000000e-02   5.0000000e-02
   2.7500000e-02   5.5000000e-02
   3.0001000e-02   6.0000000e-02
   3.2501000e-02   6.5000000e-02
   3.5001000e-02   7.0000000e-02
   3.7501000e-02   7.5000000e-02
   4.0001000e-02   8.0000000e-02
   4.2502000e-02   8.5000000e-02
   4.5002000e-02   9.0000000e-02
   4.7502000e-02   9.5000000e-02
   5.0003000e-02   1.0000000e-01
   5.2503000e-02   1.0500000e-01
   5.5004000e-02   1.1000000e-01
   5.7504000e-02   1.1500000e-01
   6.0005000e-02   1.2000000e-01
   6.2505000e-02   1.2500000e-01
   6.5006000e-02   1.3000000e-01
   6.7507000e-02   1.3500000e-01
   7.0007000e-02   1.4000000e-01
   7.2508000e-02   1.4500000e-01
   7.5009000e-02   1.5000000e-01
   7.7510000e-02   1.5500000e-01
   8.0011000e-02   1.6000000e-01
   8.2512000e-02   1.6500000e-01
   8.5013000e-02   1.7000000e-01
   8.7515000e-02   1.7500000e-01
   9.0016000e-02   1.8000000e-01
   9.2517000e-02   1.8500000e-01
   9.5019000e-02   1.9000000e-01
   9.7520000e-02   1.9500000e-01
   1.0002000e-01   2.0000000e-01
   1.0252000e-01   2.0500000e-01
   1.0503000e-01   2.1000000e-01
   1.0753000e-01   2.1500000e-01
   1.1003000e-01   2.2000000e-01
   1.1253000e-01   2.2500000e-01
   1.1503000e-01   2.3000000e-01
   1.1754000e-01   2.3500000e-01
   1.2004000e-01   2.4000000e-01
   1.2254000e-01   2.4500000e-01
   1.2504000e-01   2.5000000e-01
   1.2754000e-01   2.5500000e-01
   1.3005000e-01   2.6000000e-01
   1.3255000e-01   2.6500000e-01
   1.3505000e-01   2.7000000e-01
   1.3756000e-01   2.7500000e-01
   1.4006000e-01   2.8000000e-01
   1.4256000e-01   2.8500000e-01
   1.4507000e-01   2.9000000e-01
   1.4757000e-01   2.9500000e-01
   1.5007000e-01   3.0000000e-01
   1.5258000e-01   3.0500000e-01
   1.5508000e-01   3.1000000e-01
   1.5758000e-01   3.1500000e-01
   1.6009000e-01   3.2000000e-01
   1.6259000e-01   3.2500000e-01
   1.6510000e-01   3.3000000e-01
   1.6760000e-01   3.3500000e-01
   1.7011000e-01   3.4000000e-01
   1.7261000e-01   3.4500000e-01
   1.7512000e-01   3.5000000e-01
   1.7762000e-01   3.5500000e-01
   1.8013000e-01   3.6000000e-01
   1.8263000e-01   3.6500000e-01
   1.8514000e-01   3.7000000e-01
   1.8764000e-01   3.7500000e-01
   1.9015000e-01   3.8000000e-01
   1.9265000e-01   3.8500000e-01
   1.9516000e-01   3.9000000e-01
   1.9767000e-01   3.9500000e-01
   2.0017000e-01   4.0000000e-01
   2.0268000e-01   4.0500000e-01
   2.0519000e-01   4.1000000e-01
   2.0769000e-01   4.1500000e-01
   2.1020000e-01   4.2000000e-01
   2.1271000e-01   4.2500000e-01
   2.1522000e-01   4.3000000e-01
   2.1772000e-01   4.3500000e-01
   2.2023000e-01   4.4000000e-01
   2.2274000e-01   4.4500000e-01
   2.2525000e-01   4.5000000e-01
   2.2776000e-01   4.5500000e-01
   2.3026000e-01   4.6000000e-01
   2.3277000e-01   4.6500000e-01
   2.3528000e-01   4.7000000e-01
   2.3779000e-01   4.7500000e-01
   2.4030000e-01   4.8000000e-01
   2.4281000e-01   4.8500000e-01
   2.4532000e-01   4.9000000e-01
   2.4783000e-01   4.9500000e-01
   2.5034000e-01   5.0000000e-01
   2.5285000e-01   5.0500000e-01
   2.5536000e-01   5.1000000e-01
   2.5787000e-01   5.1500000e-01
   2.6038000e-01   5.2000000e-01
   2.6289000e-01   5.2500000e-01
   2.6540000e-01   5.3000000e-01
   2.6792000e-01   5.3500000e-01
   2.7043000e-01   5.4000000e-01
   2.7294000e-01   5.4500000e-01
   2.7545000e-01   5.5000000e-01
   2.7796000e-01   5.5500000e-01
   2.8048000e-01   5.6000000e-01
   2.8299000e-01   5.6500000e-01
   2.8550000e-01   5.7000000e-01
   2.8802000e-01   5.7500000e-01
   2.9053000e-01   5.8000000e-01
   2.9304000e-01   5.8500000e-01
   2.9556000e-01   5.9000000e-01
   2.9807000e-01   5.9500000e-01
   3.0059000e-01   6.0000000e-01
   3.0310000e-01   6.0500000e-01
   3.0562000e-01   6.1000000e-01
   3.0813000e-01   6.1500000e-01
   3.1065000e-01   6.2000000e-01
   3.1316000e-01   6.2500000e-01
   3.1568000e-01   6.3000000e-01
   3.1820000e-01   6.3500000e-01
   3.2071000e-01   6.4000000e-01
   3.2323000e-01   6.4500000e-01
   3.2575000e-01   6.5000000e-01
   3.2826000e-01   6.5500000e-01
   3.3078000e-01   6.6000000e-01
   3.3330000e-01   6.6500000e-01
   3.3582000e-01   6.7000000e-01
   3.3834000e-01   6.7500000e-01
   3.4086000e-01   6.8000000e-01
   3.4337000e-01   6.8500000e-01
   3.4589000e-01   6.9000000e-01
   3.4841000e-01   6.9500000e-01
   3.5093000e-01   7.0000000e-01
   3.5345000e-01   7.0500000e-01
   3.5597000e-01   7.1000000e-01
   3.5850000e-01   7.1500000e-01
   3.6102000e-01   7.2000000e-01
   3.6354000e-01   7.2500000e-01
   3.6606000e-01   7.3000000e-01
   3.6858000e-01   7.3500000e-01
   3.7110000e-01   7.4000000e-01
   3.7363000e-01   7.4500000e-01
   3.7615000e-01   7.5000000e-01
   3.7867000e-01   7.5500000e-01
   3.8120000e-01   7.6000000e-01
   3.8372000e-01   7.6500000e-01
   3.8624000e-01   7.7000000e-01
   3.8877000e-01   7.7500000e-01
   3.9129000e-01   7.8000000e-01
   3.9382000e-01   7.8500000e-01
   3.9634000e-01   7.9000000e-01
   3.9887000e-01   7.9500000e-01
   4.0140000e-01   8.0000000e-01
   4.0392000e-01   8.0500000e-01
   4.0645000e-01   8.1000000e-01
   4.0898000e-01   8.1500000e-01
   4.1150000e-01   8.2000000e-01
   4.1403000e-01   8.2500000e-01
   4.1656000e-01   8.3000000e-01
   4.1909000e-01   8.3500000e-01
   4.2162000e-01   8.4000000e-01
   4.2415000e-01   8.4500000e-01
   4.2667000e-01   8.5000000e-01
   4.2920000e-01   8.5500000e-01
   4.3173000e-01   8.6000000e-01
   4.3427000e-01   8.6500000e-01
   4.3680000e-01   8.7000000e-01
   4.3933000e-01   8.7500000e-01
   4.4186000e-01   8.8000000e-01
   4.4439000e-01   8.8500000e-01
   4.4692000e-01   8.9000000e-01
   4.4946000e-01   8.9500000e-01
   4.5199000e-01   9.0000000e-01
   4.5452000e-01   9.0500000e-01
   4.5706000e-01   9.1000000e-01
   4.5959000e-01   9.1500000e-01
   4.6213000e-01   9.2000000e-01
   4.6466000e-01   9.2500000e-01
   4.6720000e-01   9.3000000e-01
   4.6973000e-01   9.3500000e-01
   4.7227000e-01   9.4000000e-01
   4.7480000e-01   9.4500000e-01
   4.7734000e-01   9.5000000e-01
   4.7988000e-01   9.5500000e-01
   4.8242000e-01   9.6000000e-01
   4.8495000e-01   9.6500000e-01
   4.8749000e-01   9.7000000e-01
   4.9003000e-01   9.7500000e-01
   4.9257000e-01   9.8000000e-01
   4.9511000e-01   9.8500000e-01
   4.9765000e-01   9.9000000e-01
   5.0019000e-01   9.9500000e-01
   5.0273000e-01   1.0000000e+00
   5.0527000e-01   1.0050000e+00
   5.0782000e-01   1.0100000e+00
   5.1036000e-01   1.0150000e+00
   5.1290000e-01   1.0200000e+00
   5.1544000e-01   1.0250000e+00
   5.1799000e-01   1.0300000e+00
   5.2053000e-01   1.0350000e+00
   5.2308000e-01   1.0400000e+00
   5.2562000e-01   1.0450000e+00
   5.2817000e-01   1.0500000e+00
   5.3071000e-01   1.0550000e+00
   5.3326000e-01   1.0600000e+00
   5.3580000e-01   1.0650000e+00
   5.3835000e-01   1.0700000e+00
   5.4090000e-01   1.0750000e+00
   5.4345000e-01   1.0800000e+00
   5.4600000e-01   1.0850000e+00
   5.4854000e-01   1.0900000e+00
   5.5109000e-01   1.0950000e+00
   5.5364000e-01   1.1000000e+00
   5.5619000e-01   1.1050000e+00
   5.5874000e-01   1.1100000e+00
   5.6130000e-01   1.1150000e+00
   5.6385000e-01   1.1200000e+00
   5.6640000e-01   1.1250000e+00
   5.6895000e-01   1.1300000e+00
   5.7151000e-01   1.1350000e+00
   5.7406000e-01   1.1400000e+00
   5.7661000e-01   1.1450000e+00
   5.7917000e-01   1.1500000e+00
   5.8172000e-01   1.1550000e+00
   5.8428000e-01   1.1600000e+00
   5.8683000e-01   1.1650000e+00
   5.8939000e-01   1.1700000e+00
   5.9195000e-01   1.1750000e+00
   5.9450000e-01   1.1800000e+00
   5.9706000e-01   1.1850000e+00
   5.9962000e-01   1.1900000e+00
   6.0218000e-01   1.1950000e+00
   6.0474000e-01   1.2000000e+00
   6.0730000e-01   1.2050000e+00
   6.0986000e-01   1.2100000e+00
   6.1242000e-01   1.2150000e+00
   6.1498000e-01   1.2200000e+00
   6.1754000e-01   1.2250000e+00
   6.2011000e-01   1.2300000e+00
   6.2267000e-01   1.2350000e+00
   6.2523000e-01   1.2400000e+00
   6.2780000e-01   1.2450000e+00
   6.3036000e-01   1.2500000e+00
   6.3293000e-01   1.2550000e+00
   6.3549000e-01   1.2600000e+00
   6.3806000e-01   1.2650000e+00
   6.4063000e-01   1.2700000e+00
   6.4319000e-01   1.2750000e+00
   6.4576000e-01   1.2800000e+00
   6.4833000e-01   1.2850000e+00
   6.5090000e-01   1.2900000e+00
   6.5347000e-01   1.2950000e+00
   6.5604000e-01   1.3000000e+00
   6.5861000e-01   1.3050000e+00
   6.6118000e-01   1.3100000e+00
   6.6375000e-01   1.3150000e+00
   6.6632000e-01   1.3200000e+00
   6.6890000e-01   1.3250000e+00
   6.7147000e-01   1.3300000e+00
   6.7404000e-01   1.3350000e+00
   6.7662000e-01   1.3400000e+00
   6.7919000e-01   1.3450000e+00
   6.8177000e-01   1.3500000e+00
   6.8435000e-01   1.3550000e+00
   6.8692000e-01   1.3600000e+00
   6.8950000e-01   1.3650000e+00
   6.9208000e-01   1.3700000e+00
   6.9466000e-01   1.3750000e+00
   6.9724000e-01   1.3800000e+00
   6.9982000e-01   1.3850000e+00
   7.0240000e-01   1.3900000e+00
   7.0498000e-01   1.3950000e+00
   7.0756000e-01   1.4000000e+00
   7.1014000e-01   1.4050000e+00
   7.1272000e-01   1.4100000e+00
   7.1531000e-01   1.4150000e+00
   7.1789000e-01   1.4200000e+00
   7.2048000e-01   1.4250000e+00
   7.2306000e-01   1.4300000e+00
   7.2565000e-01   1.4350000e+00
   7.2823000e-01   1.4400000e+00
   7.3082000e-01   1.4450000e+00
   7.3341000e-01   1.4500000e+00
   7.3600000e-01   1.4550000e+00
   7.3859000e-01   1.4600000e+00
   7.4118000e-01   1.4650000e+00
   7.4376000e-01   1.4700000e+00
   7.4636000e-01   1.4750000e+00
   7.4895000e-01   1.4800000e+00
   7.5154000e-01   1.4850000e+00
   7.5413000e-01   1.4900000e+00
   7.5673000e-01   1.4950000e+00
   7.5932000e-01   1.5000000e+00
   7.6191000e-01   1.5050000e+00
   7.6451000e-01   1.5100000e+00
   7.6711000e-01   1.5150000e+00
   7.6970000e-01   1.5200000e+00
   7.7230000e-01   1.5250000e+00
   7.7490000e-01   1.5300000e+00
   7.7750000e-01   1.5350000e+00
   7.8010000e-01   1.5400000e+00
   7.8270000e-01   1.5450000e+00
   7.8530000e-01   1.5500000e+00
   7.8790000e-01   1.5550000e+00
   7.9050000e-01   1.5600000e+00
   7.9310000e-01   1.5650000e+00
   7.9571000e-01   1.5700000e+00
   7.9831000e-01   1.5750000e+00
   8.0091000e-01   1.5800000e+00
   8.0352000e-01   1.5850000e+00
   8.0613000e-01   1.5900000e+00
   8.0873000e-01   1.5950000e+00
   8.1134000e-01   1.6000000e+00
   8.1395000e-01   1.6050000e+00
   8.1656000e-01   1.6100000e+00
   8.1917000e-01   1.6150000e+00
   8.2178000e-01   1.6200000e+00
   8.2439000e-01   1.6250000e+00
   8.2700000e-01   1.6300000e+00
   8.2961000e-01   1.6350000e+00
   8.3222000e-01   1.6400000e+00
   8.3484000e-01   1.6450000e+00
   8.3745000e-01   1.6500000e+00
   8.4007000e-01   1.6550000e+00
   8.4268000e-01   1.6600000e+00
   8.4530000e-01   1.6650000e+00
   8.4792000e-01   1.6700000e+00
   8.5054000e-01   1.6750000e+00
   8.5316000e-01   1.6800000e+00
   8.5578000e-01   1.6850000e+00
   8.5840000e-01   1.6900000e+00
   8.6102000e-01   1.6950000e+00
   8.6364000e-01   1.7000000e+00
   8.6626000e-01   1.7050000e+00
   8.6889000e-01   1.7100000e+00
   8.7151000e-01   1.7150000e+00
   8.7414000e-01   1.7200000e+00
   8.7676000e-01   1.7250000e+00
   8.7939000e-01   1.7300000e+00
   8.8201000e-01   1.7350000e+00
   8.8464000e-01   1.7400000e+00
   8.8727000e-01   1.7450000e+00
   8.8990000e-01   1.7500000e+00
   8.9253000e-01   1.7550000e+00
   8.9516000e-01   1.7600000e+00
   8.9779000e-01   1.7650000e+00
   9.0043000e-01   1.7700000e+00
   9.0306000e-01   1.7750000e+00
   9.0569000e-01   1.7800000e+00
   9.0833000e-01   1.7850000e+00
   9.1096000e-01   1.7900000e+00
   9.1360000e-01   1.7950000e+00
   9.1624000e-01   1.8000000e+00
   9.1888000e-01   1.8050000e+00
   9.2152000e-01   1.8100000e+00
   9.2416000e-01   1.8150000e+00
   9.2680000e-01   1.8200000e+00
   9.2944000e-01   1.8250000e+00
   9.3208000e-01   1.8300000e+00
   9.3472000e-01   1.8350000e+00
   9.3737000e-01   1.8400000e+00
   9.4001000e-01   1.8450000e+00
   9.4266000e-01   1.8500000e+00
   9.4530000e-01   1.8550000e+00
   9.4795000e-01   1.8600000e+00
   9.5060000e-01   1.8650000e+00
   9.5325000e-01   1.8700000e+00
   9.5590000e-01   1.8750000e+00
   9.5855000e-01   1.8800000e+00
   9.6120000e-01   1.8850000e+00
   9.6385000e-01   1.8900000e+00
   9.6650000e-01   1.8950000e+00
   9.6916000e-01   1.9000000e+00
   9.7181000e-01   1.9050000e+00
   9.7447000e-01   1.9100000e+00
   9.7712000e-01   1.9150000e+00
   9.7978000e-01   1.9200000e+00
   9.8244000e-01   1.9250000e+00
   9.8510000e-01   1.9300000e+00
   9.8776000e-01   1.9350000e+00
   9.9042000e-01   1.9400000e+00
   9.9308000e-01   1.9450000e+00
   9.9575000e-01   1.9500000e+00
   9.9841000e-01   1.9550000e+00
   1.0011000e+00   1.9600000e+00
   1.0037000e+00   1.9650000e+00
   1.0064000e+00   1.9700000e+00
   1.0091000e+00   1.9750000e+00
   1.0117000e+00   1.9800000e+00
   1.0144000e+00   1.9850000e+00
   1.0171000e+00   1.9900000e+00
   1.0197000e+00   1.9950000e+00
   1.0224000e+00   2.0000000e+00
   1.0251000e+00   2.0050000e+00
   1.0278000e+00   2.0100000e+00
   1.0304000e+00   2.0150000e+00
   1.0331000e+00   2.0200000e+00
   1.0358000e+00   2.0250000e+00
   1.0385000e+00   2.0300000e+00
   1.0411000e+00   2.0350000e+00
   1.0438000e+00   2.0400000e+00
   1.0465000e+00   2.0450000e+00
   1.0492000e+00   2.0500000e+00
   1.0519000e+00   2.0550000e+00
   1.0545000e+00   2.0600000e+00
   1.0572000e+00   2.0650000e+00
   1.0599000e+00   2.0700000e+00
   1.0626000e+00   2.0750000e+00
   1.0653000e+00   2.0800000e+00
   1.0680000e+00   2.0850000e+00
   1.0707000e+00   2.0900000e+00
   1.0734000e+00   2.0950000e+00
   1.0760000e+00   2.1000000e+00
   1.0787000e+00   2.1050000e+00
   1.0814000e+00   2.1100000e+00
   1.0841000e+00   2.1150000e+00
   1.0868000e+00   2.1200000e+00
   1.0895000e+00   2.1250000e+00
   1.0922000e+00   2.1300000e+00
   1.0949000e+00   2.1350000e+00
   1.0976000e+00   2.1400000e+00
   1.1003000e+00   2.1450000e+00
   1.1030000e+00   2.1500000e+00
   1.1057000e+00   2.1550000e+00
   1.1084000e+00   2.1600000e+00
   1.1111000e+00   2.1650000e+00
   1.1138000e+00   2.1700000e+00
   1.1165000e+00   2.1750000e+00
   1.1192000e+00   2.1800000e+00
   1.1219000e+00   2.1850000e+00
   1.1246000e+00   2.1900000e+00
   1.1273000e+00   2.1950000e+00
   1.1301000e+00   2.2000000e+00
   1.1328000e+00   2.2050000e+00
   1.1355000e+00   2.2100000e+00
   1.1382000e+00   2.2150000e+00
   1.1409000e+00   2.2200000e+00
   1.1436000e+00   2.2250000e+00
   1.1463000e+00   2.2300000e+00
   1.1491000e+00   2.2350000e+00
   1.1518000e+00   2.2400000e+00
   1.1545000e+00   2.2450000e+00
   1.1572000e+00   2.2500000e+00
   1.1599000e+00   2.2550000e+00
   1.1627000e+00   2.2600000e+00
   1.1654000e+00   2.2650000e+00
   1.1681000e+00   2.2700000e+00
   1.1708000e+00   2.2750000e+00
   1.1736000e+00   2.2800000e+00
   1.1763000e+00   2.2850000e+00
   1.1790000e+00   2.2900000e+00
   1.1817000e+00   2.2950000e+00
   1.1845000e+00   2.3000000e+00
   1.1872000e+00   2.3050000e+00
   1.1899000e+00   2.3100000e+00
   1.1927000e+00   2.3150000e+00
   1.1954000e+00   2.3200000e+00
   1.1981000e+00   2.3250000e+00
   1.2009000e+00   2.3300000e+00
   1.2036000e+00   2.3350000e+00
   1.2064000e+00   2.3400000e+00
   1.2091000e+00   2.3450000e+00
   1.2118000e+00   2.3500000e+00
   1.2146000e+00   2.3550000e+00
   1.2173000e+00   2.3600000e+00
   1.2201000e+00   2.3650000e+00
   1.2228000e+00   2.3700000e+00
   1.2256000e+00   2.3750000e+00
   1.2283000e+00   2.3800000e+00
   1.2311000e+00   2.3850000e+00
   1.2338000e+00   2.3900000e+00
   1.2366000e+00   2.3950000e+00
   1.2393000e+00   2.4000000e+00
   1.2421000e+00   2.4050000e+00
   1.2448000e+00   2.4100000e+00
   1.2476000e+00   2.4150000e+00
   1.2504000e+00   2.4200000e+00
   1.2531000e+00   2.4250000e+00
   1.2559000e+00   2.4300000e+00
   1.2586000e+00   2.4350000e+00
   1.2614000e+00   2.4400000e+00
   1.2642000e+00   2.4450000e+00
   1.2669000e+00   2.4500000e+00
   1.2697000e+00   2.4550000e+00
   1.2725000e+00   2.4600000e+00
   1.2752000e+00   2.4650000e+00
   1.2780000e+00   2.4700000e+00
   1.2808000e+00   2.4750000e+00
   1.2835000e+00   2.4800000e+00
   1.2863000e+00   2.4850000e+00
   1.2891000e+00   2.4900000e+00
   1.2919000e+00   2.4950000e+00
   1.2946000e+00   2.5000000e+00
   1.2974000e+00   2.5050000e+00
   1.3002000e+00   2.5100000e+00
   1.3030000e+00   2.5150000e+00
   1.3058000e+00   2.5200000e+00
   1.3086000e+00   2.5250000e+00
   1.3113000e+00   2.5300000e+00
   1.3141000e+00   2.5350000e+00
   1.3169000e+00   2.5400000e+00
   1.3197000e+00   2.5450000e+00
   1.3225000e+00   2.5500000e+00
   1.3253000e+00   2.5550000e+00
   1.3281000e+00   2.5600000e+00
   1.3309000e+00   2.5650000e+00
   1.3337000e+00   2.5700000e+00
   1.3364000e+00   2.5750000e+00
   1.3392000e+00   2.5800000e+00
   1.3420000e+00   2.5850000e+00
   1.3448000e+00   2.5900000e+00
   1.3476000e+00   2.5950000e+00
   1.3504000e+00   2.6000000e+00
   1.3532000e+00   2.6050000e+00
   1.3561000e+00   2.6100000e+00
   1.3589000e+00   2.6150000e+00
   1.3617000e+00   2.6200000e+00
   1.3645000e+00   2.6250000e+00
   1.3673000e+00   2.6300000e+00
   1.3701000e+00   2.6350000e+00
   1.3729000e+00   2.6400000e+00
   1.3757000e+00   2.6450000e+00
   1.3785000e+00   2.6500000e+00
   1.3814000e+00   2.6550000e+00
   1.3842000e+00   2.6600000e+00
   1.3870000e+00   2.6650000e+00
   1.3898000e+00   2.6700000e+00
   1.3926000e+00   2.6750000e+00
   1.3954000e+00   2.6800000e+00
   1.3983000e+00   2.6850000e+00
   1.4011000e+00   2.6900000e+00
   1.4039000e+00   2.6950000e+00
   1.4068000e+00   2.7000000e+00
   1.4096000e+00   2.7050000e+00
   1.4124000e+00   2.7100000e+00
   1.4153000e+00   2.7150000e+00
   1.4181000e+00   2.7200000e+00
   1.4209000e+00   2.7250000e+00
   1.4238000e+00   2.7300000e+00
   1.4266000e+00   2.7350000e+00
   1.4294000e+00   2.7400000e+00
   1.4323000e+00   2.7450000e+00
   1.4351000e+00   2.7500000e+00
   1.4380000e+00   2.7550000e+00
   1.4408000e+00   2.7600000e+00
   1.4436000e+00   2.7650000e+00
   1.4465000e+00   2.7700000e+00
   1.4493000e+00   2.7750000e+00
   1.4522000e+00   2.7800000e+00
   1.4550000e+00   2.7850000e+00
   1.4579000e+00   2.7900000e+00
   1.4608000e+00   2.7950000e+00
   1.4636000e+00   2.8000000e+00
   1.4665000e+00   2.8050000e+00
   1.4693000e+00   2.8100000e+00
   1.4722000e+00   2.8150000e+00
   1.4750000e+00   2.8200000e+00
   1.4779000e+00   2.8250000e+00
   1.4808000e+00   2.8300000e+00
   1.4836000e+00   2.8350000e+00
   1.4865000e+00   2.8400000e+00
   1.4894000e+00   2.8450000e+00
   1.4922000e+00   2.8500000e+00
   1.4951000e+00   2.8550000e+00
   1.4980000e+00   2.8600000e+00
   1.5009000e+00   2.8650000e+00
   1.5037000e+00   2.8700000e+00
   1.5066000e+00   2.8750000e+00
   1.5095000e+00   2.8800000e+00
   1.5124000e+00   2.8850000e+00
   1.5153000e+00   2.8900000e+00
   1.5181000e+00   2.8950000e+00
   1.5210000e+00   2.9000000e+00
   1.5239000e+00   2.9050000e+00
   1.5268000e+00   2.9100000e+00
   1.5297000e+00   2.9150000e+00
   1.5326000e+00   2.9200000e+00
   1.5355000e+00   2.9250000e+00
   1.5384000e+00   2.9300000e+00
   1.5413000e+00   2.9350000e+00
   1.5442000e+00   2.9400000e+00
   1.5471000e+00   2.9450000e+00
   1.5500000e+00   2.9500000e+00
   1.5529000e+00   2.9550000e+00
   1.5558000e+00   2.9600000e+00
   1.5587000e+00   2.9650000e+00
   1.5616000e+00   2.9700000e+00
   1.5645000e+00   2.9750000e+00
   1.5674000e+00   2.9800000e+00
   1.5703000e+00   2.9850000e+00
   1.5732000e+00   2.9900000e+00
   1.5761000e+00   2.9950000e+00
   1.5791000e+00   3.0000000e+00
   1.5820000e+00   3.0050000e+00
   1.5849000e+00   3.0100000e+00
   1.5878000e+00   3.0150000e+00
   1.5907000e+00   3.0200000e+00
   1.5937000e+00   3.0250000e+00
   1.5966000e+00   3.0300000e+00
   1.5995000e+00   3.0350000e+00
   1.6024000e+00   3.0400000e+00
   1.6054000e+00   3.0450000e+00
   1.6083000e+00   3.0500000e+00
   1.6112000e+00   3.0550000e+00
   1.6142000e+00   3.0600000e+00
   1.6171000e+00   3.0650000e+00
   1.6200000e+00   3.0700000e+00
   1.6230000e+00   3.0750000e+00
   1.6259000e+00   3.0800000e+00
   1.6289000e+00   3.0850000e+00
   1.6318000e+00   3.0900000e+00
   1.6348000e+00   3.0950000e+00
   1.6377000e+00   3.1000000e+00
   1.6407000e+00   3.1050000e+00
   1.6436000e+00   3.1100000e+00
   1.6466000e+00   3.1150000e+00
   1.6495000e+00   3.1200000e+00
   1.6525000e+00   3.1250000e+00
   1.6554000e+00   3.1300000e+00
   1.6584000e+00   3.1350000e+00
   1.6614000e+00   3.1400000e+00
   1.6643000e+00   3.1450000e+00
   1.6673000e+00   3.1500000e+00
   1.6702000e+00   3.1550000e+00
   1.6732000e+00   3.1600000e+00
   1.6762000e+00   3.1650000e+00
   1.6792000e+00   3.1700000e+00
   1.6821000e+00   3.1750000e+00
   1.6851000e+00   3.1800000e+00
   1.6881000e+00   3.1850000e+00
   1.6911000e+00   3.1900000e+00
   1.6940000e+00   3.1950000e+00
   1.6970000e+00   3.2000000e+00
   1.7000000e+00   3.2050000e+00
   1.7030000e+00   3.2100000e+00
   1.7060000e+00   3.2150000e+00
   1.7090000e+00   3.2200000e+00
   1.7120000e+00   3.2250000e+00
   1.7150000e+00   3.2300000e+00
   1.7180000e+00   3.2350000e+00
   1.7209000e+00   3.2400000e+00
   1.7240000e+00   3.2450000e+00
   1.7270000e+00   3.2500000e+00
   1.7300000e+00   3.2550000e+00
   1.7330000e+00   3.2600000e+00
   1.7360000e+00   3.2650000e+00
   1.7390000e+00   3.2700000e+00
   1.7420000e+00   3.2750000e+00
   1.7450000e+00   3.2800000e+00
   1.7480000e+00   3.2850000e+00
   1.7510000e+00   3.2900000e+00
   1.7540000e+00   3.2950000e+00
   1.7570000e+00   3.3000000e+00
   1.7601000e+00   3.3050000e+00
   1.7631000e+00   3.3100000e+00
   1.7661000e+00   3.3150000e+00
   1.7691000e+00   3.3200000e+00
   1.7722000e+00   3.3250000e+00
   1.7752000e+00   3.3300000e+00
   1.7782000e+00   3.3350000e+00
   1.7813000e+00   3.3400000e+00
   1.7843000e+00   3.3450000e+00
   1.7873000e+00   3.3500000e+00
   1.7904000e+00   3.3550000e+00
   1.7934000e+00   3.3600000e+00
   1.7965000e+00   3.3650000e+00
   1.7995000e+00   3.3700000e+00
   1.8026000e+00   3.3750000e+00
   1.8056000e+00   3.3800000e+00
   1.8086000e+00   3.3850000e+00
   1.8117000e+00   3.3900000e+00
   1.8148000e+00   3.3950000e+00
   1.8178000e+00   3.4000000e+00
   1.8209000e+00   3.4050000e+00
   1.8239000e+00   3.4100000e+00
   1.8270000e+00   3.4150000e+00
   1.8301000e+00   3.4200000e+00
   1.8331000e+00   3.4250000e+00
   1.8362000e+00   3.4300000e+00
   1.8393000e+00   3.4350000e+00
   1.8423000e+00   3.4400000e+00
   1.8454000e+00   3.4450000e+00
   1.8485000e+00   3.4500000e+00
   1.8516000e+00   3.4550000e+00
   1.8546000e+00   3.4600000e+00
   1.8577000e+00   3.4650000e+00
   1.8608000e+00   3.4700000e+00
   1.8639000e+00   3.4750000e+00
   1.8670000e+00   3.4800000e+00
   1.8701000e+00   3.4850000e+00
   1.8732000e+00   3.4900000e+00
   1.8762000e+00   3.4950000e+00
   1.8793000e+00   3.5000000e+00
   1.8825000e+00   3.5050000e+00
   1.8856000e+00   3.5100000e+00
   1.8886000e+00   3.5150000e+00
   1.8917000e+00   3.5200000e+00
   1.8949000e+00   3.5250000e+00
   1.8980000e+00   3.5300000e+00
   1.9011000e+00   3.5350000e+00
   1.9042000e+00   3.5400000e+00
   1.9073000e+00   3.5450000e+00
   1.9104000e+00   3.5500000e+00
   1.9135000e+00   3.5550000e+00
   1.9167000e+00   3.5600000e+00
   1.9198000e+00   3.5650000e+00
   1.9229000e+00   3.5700000e+00
   1.9260000e+00   3.5750000e+00
   1.9292000e+00   3.5800000e+00
   1.9323000e+00   3.5850000e+00
   1.9354000e+00   3.5900000e+00
   1.9386000e+00   3.5950000e+00
   1.9417000e+00   3.6000000e+00
   1.9448000e+00   3.6050000e+00
   1.9480000e+00   3.6100000e+00
   1.9511000e+00   3.6150000e+00
   1.9543000e+00   3.6200000e+00
   1.9574000e+00   3.6250000e+00
   1.9606000e+00   3.6300000e+00
   1.9637000e+00   3.6350000e+00
   1.9669000e+00   3.6400000e+00
   1.9700000e+00   3.6450000e+00
   1.9732000e+00   3.6500000e+00
   1.9764000e+00   3.6550000e+00
   1.9795000e+00   3.6600000e+00
   1.9827000e+00   3.6650000e+00
   1.9859000e+00   3.6700000e+00
   1.9890000e+00   3.6750000e+00
   1.9922000e+00   3.6800000e+00
   1.9954000e+00   3.6850000e+00
   1.9986000e+00   3.6900000e+00
   2.0017000e+00   3.6950000e+00
   2.0049000e+00   3.7000000e+00
   2.0081000e+00   3.7050000e+00
   2.0113000e+00   3.7100000e+00
   2.0145000e+00   3.7150000e+00
   2.0177000e+00   3.7200000e+00
   2.0209000e+00   3.7250000e+00
   2.0241000e+00   3.7300000e+00
   2.0272000e+00   3.7350000e+00
   2.0305000e+00   3.7400000e+00
   2.0337000e+00   3.7450000e+00
   2.0369000e+00   3.7500000e+00
   2.0401000e+00   3.7550000e+00
   2.0433000e+00   3.7600000e+00
   2.0465000e+00   3.7650000e+00
   2.0497000e+00   3.7700000e+00
   2.0529000e+00   3.7750000e+00
   2.0561000e+00   3.7800000e+00
   2.0594000e+00   3.7850000e+00
   2.0626000e+00   3.7900000e+00
   2.0658000e+00   3.7950000e+00
   2.0690000e+00   3.8000000e+00
   2.0723000e+00   3.8050000e+00
   2.0755000e+00   3.8100000e+00
   2.0787000e+00   3.8150000e+00
   2.0820000e+00   3.8200000e+00
   2.0852000e+00   3.8250000e+00
   2.0885000e+00   3.8300000e+00
   2.0917000e+00   3.8350000e+00
   2.0949000e+00   3.8400000e+00
   2.0982000e+00   3.8450000e+00
   2.1015000e+00   3.8500000e+00
   2.1047000e+00   3.8550000e+00
   2.1080000e+00   3.8600000e+00
   2.1112000e+00   3.8650000e+00
   2.1145000e+00   3.8700000e+00
   2.1178000e+00   3.8750000e+00
   2.1210000e+00   3.8800000e+00
   2.1243000e+00   3.8850000e+00
   2.1276000e+00   3.8900000e+00
   2.1308000e+00   3.8950000e+00
   2.1341000e+00   3.9000000e+00
   2.1374000e+00   3.9050000e+00
   2.1407000e+00   3.9100000e+00
   2.1440000e+00   3.9150000e+00
   2.1473000e+00   3.9200000e+00
   2.1505000e+00   3.9250000e+00
   2.1538000e+00   3.9300000e+00
   2.1571000e+00   3.9350000e+00
   2.1604000e+00   3.9400000e+00
   2.1637000e+00   3.9450000e+00
   2.1670000e+00   3.9500000e+00
   2.1703000e+00   3.9550000e+00
   2.1736000e+00   3.9600000e+00
   2.1770000e+00   3.9650000e+00
   2.1803000e+00   3.9700000e+00
   2.1836000e+00   3.9750000e+00
   2.1869000e+00   3.9800000e+00
   2.1902000e+00   3.9850000e+00
   2.1935000e+00   3.9900000e+00
   2.1969000e+00   3.9950000e+00
   2.2002000e+00   4.0000000e+00
   2.2035000e+00   4.0050000e+00
   2.2069000e+00   4.0100000e+00
   2.2102000e+00   4.0150000e+00
   2.2135000e+00   4.0200000e+00
   2.2169000e+00   4.0250000e+00
   2.2202000e+00   4.0300000e+00
   2.2236000e+00   4.0350000e+00
   2.2269000e+00   4.0400000e+00
   2.2303000e+00   4.0450000e+00
   2.2336000e+00   4.0500000e+00
   2.2370000e+00   4.0550000e+00
   2.2403000e+00   4.0600000e+00
   2.2437000e+00   4.0650000e+00
   2.2471000e+00   4.0700000e+00
   2.2504000e+00   4.0750000e+00
   2.2538000e+00   4.0800000e+00
   2.2572000e+00   4.0850000e+00
   2.2606000e+00   4.0900000e+00
   2.2640000e+00   4.0950000e+00
   2.2673000e+00   4.1000000e+00
   2.2707000e+00   4.1050000e+00
   2.2741000e+00   4.1100000e+00
   2.2775000e+00   4.1150000e+00
   2.2809000e+00   4.1200000e+00
   2.2843000e+00   4.1250000e+00
   2.2877000e+00   4.1300000e+00
   2.2911000e+00   4.1350000e+00
   2.2945000e+00   4.1400000e+00
   2.2979000e+00   4.1450000e+00
   2.3013000e+00   4.1500000e+00
   2.3047000e+00   4.1550000e+00
   2.3082000e+00   4.1600000e+00
   2.3116000e+00   4.1650000e+00
   2.3150000e+00   4.1700000e+00
   2.3184000e+00   4.1750000e+00
   2.3219000e+00   4.1800000e+00
   2.3253000e+00   4.1850000e+00
   2.3287000e+00   4.1900000e+00
   2.3321000e+00   4.1950000e+00
   2.3356000e+00   4.2000000e+00
   2.3390000e+00   4.2050000e+00
   2.3425000e+00   4.2100000e+00
   2.3459000e+00   4.2150000e+00
   2.3494000e+00   4.2200000e+00
   2.3528000e+00   4.2250000e+00
   2.3563000e+00   4.2300000e+00
   2.3597000e+00   4.2350000e+00
   2.3632000e+00   4.2400000e+00
   2.3667000e+00   4.2450000e+00
   2.3701000e+00   4.2500000e+00
   2.3736000e+00   4.2550000e+00
   2.3771000e+00   4.2600000e+00
   2.3806000e+00   4.2650000e+00
   2.3841000e+00   4.2700000e+00
   2.3875000e+00   4.2750000e+00
   2.3910000e+00   4.2800000e+00
   2.3945000e+00   4.2850000e+00
   2.3980000e+00   4.2900000e+00
   2.4015000e+00   4.2950000e+00
   2.4050000e+00   4.3000000e+00
   2.4085000e+00   4.3050000e+00
   2.4120000e+00   4.3100000e+00
   2.4155000e+00   4.3150000e+00
   2.4190000e+00   4.3200000e+00
   2.4226000e+00   4.3250000e+00
   2.4261000e+00   4.3300000e+00
   2.4296000e+00   4.3350000e+00
   2.4331000e+00   4.3400000e+00
   2.4366000e+00   4.3450000e+00
   2.4402000e+00   4.3500000e+00
   2.4437000e+00   4.3550000e+00
   2.4473000e+00   4.3600000e+00
   2.4508000e+00   4.3650000e+00
   2.4543000e+00   4.3700000e+00
   2.4579000e+00   4.3750000e+00
   2.4615000e+00   4.3800000e+00
   2.4650000e+00   4.3850000e+00
   2.4685000e+00   4.3900000e+00
   2.4721000e+00   4.3950000e+00
   2.4757000e+00   4.4000000e+00
   2.4792000e+00   4.4050000e+00
   2.4828000e+00   4.4100000e+00
   2.4864000e+00   4.4150000e+00
   2.4900000e+00   4.4200000e+00
   2.4936000e+00   4.4250000e+00
   2.4971000e+00   4.4300000e+00
   2.5007000e+00   4.4350000e+00
   2.5043000e+00   4.4400000e+00
   2.5079000e+00   4.4450000e+00
   2.5115000e+00   4.4500000e+00
   2.5151000e+00   4.4550000e+00
   2.5187000e+00   4.4600000e+00
   2.5223000e+00   4.4650000e+00
   2.5259000e+00   4.4700000e+00
   2.5295000e+00   4.4750000e+00
   2.5332000e+00   4.4800000e+00
   2.5368000e+00   4.4850000e+00
   2.5404000e+00   4.4900000e+00
   2.5440000e+00   4.4950000e+00
   2.5476000e+00   4.5000000e+00
   2.5513000e+00   4.5050000e+00
   2.5550000e+00   4.5100000e+00
   2.5586000e+00   4.5150000e+00
   2.5622000e+00   4.5200000e+00
   2.5659000e+00   4.5250000e+00
   2.5695000e+00   4.5300000e+00
   2.5732000e+00   4.5350000e+00
   2.5768000e+00   4.5400000e+00
   2.5805000e+00   4.5450000e+00
   2.5842000e+00   4.5500000e+00
   2.5879000e+00   4.5550000e+00
   2.5915000e+00   4.5600000e+00
   2.5952000e+00   4.5650000e+00
   2.5989000e+00   4.5700000e+00
   2.6026000e+00   4.5750000e+00
   2.6063000e+00   4.5800000e+00
   2.6099000e+00   4.5850000e+00
   2.6136000e+00   4.5900000e+00
   2.6173000e+00   4.5950000e+00
   2.6210000e+00   4.6000000e+00
   2.6247000e+00   4.6050000e+00
   2.6284000e+00   4.6100000e+00
   2.6322000e+00   4.6150000e+00
   2.6359000e+00   4.6200000e+00
   2.6396000e+00   4.6250000e+00
   2.6433000e+00   4.6300000e+00
   2.6470000e+00   4.6350000e+00
   2.6508000e+00   4.6400000e+00
   2.6545000e+00   4.6450000e+00
   2.6583000e+00   4.6500000e+00
   2.6620000e+00   4.6550000e+00
   2.6657000e+00   4.6600000e+00
   2.6695000e+00   4.6650000e+00
   2.6733000e+00   4.6700000e+00
   2.6770000e+00   4.6750000e+00
   2.6808000e+00   4.6800000e+00
   2.6846000e+00   4.6850000e+00
   2.6883000e+00   4.6900000e+00
   2.6921000e+00   4.6950000e+00
   2.6958000e+00   4.7000000e+00
   2.6996000e+00   4.7050000e+00
   2.7034000e+00   4.7100000e+00
   2.7072000e+00   4.7150000e+00
   2.7110000e+00   4.7200000e+00
   2.7148000e+00   4.7250000e+00
   2.7186000e+00   4.7300000e+00
   2.7224000e+00   4.7350000e+00
   2.7262000e+00   4.7400000e+00
   2.7300000e+00   4.7450000e+00
   2.7339000e+00   4.7500000e+00
   2.7377000e+00   4.7550000e+00
   2.7415000e+00   4.7600000e+00
   2.7453000e+00   4.7650000e+00
   2.7491000e+00   4.7700000e+00
   2.7530000e+00   4.7750000e+00
   2.7569000e+00   4.7800000e+00
   2.7607000e+00   4.7850000e+00
   2.7645000e+00   4.7900000e+00
   2.7684000e+00   4.7950000e+00
   2.7723000e+00   4.8000000e+00
   2.7761000e+00   4.8050000e+00
   2.7800000e+00   4.8100000e+00
   2.7838000e+00   4.8150000e+00
   2.7877000e+00   4.8200000e+00
   2.7916000e+00   4.8250000e+00
   2.7955000e+00   4.8300000e+00
   2.7993000e+00   4.8350000e+00
   2.8032000e+00   4.8400000e+00
   2.8072000e+00   4.8450000e+00
   2.8110000e+00   4.8500000e+00
   2.8149000e+00   4.8550000e+00
   2.8188000e+00   4.8600000e+00
   2.8228000e+00   4.8650000e+00
   2.8267000e+00   4.8700000e+00
   2.8306000e+00   4.8750000e+00
   2.8345000e+00   4.8800000e+00
   2.8385000e+00   4.8850000e+00
   2.8424000e+00   4.8900000e+00
   2.8463000e+00   4.8950000e+00
   2.8502000e+00   4.9000000e+00
   2.8542000e+00   4.9050000e+00
   2.8582000e+00   4.9100000e+00
   2.8621000e+00   4.9150000e+00
   2.8661000e+00   4.9200000e+00
   2.8700000e+00   4.9250000e+00
   2.8740000e+00   4.9300000e+00
   2.8780000e+00   4.9350000e+00
   2.8820000e+00   4.9400000e+00
   2.8859000e+00   4.9450000e+00
   2.8899000e+00   4.9500000e+00
   2.8939000e+00   4.9550000e+00
   2.8979000e+00   4.9600000e+00
   2.9019000e+00   4.9650000e+00
   2.9059000e+00   4.9700000e+00
   2.9099000e+00   4.9750000e+00
   2.9139000e+00   4.9800000e+00
   2.9180000e+00   4.9850000e+00
   2.9220000e+00   4.9900000e+00
   2.9260000e+00   4.9950000e+00
   2.9300000e+00   5.0000000e+00
   2.9341000e+00   5.0050000e+00
   2.9381000e+00   5.0100000e+00
   2.9421000e+00   5.0150000e+00
   2.9462000e+00   5.0200000e+00
   2.9503000e+00   5.0250000e+00
   2.9543000e+00   5.0300000e+00
   2.9584000e+00   5.0350000e+00
   2.9624000e+00   5.0400000e+00
   2.9665000e+00   5.0450000e+00
   2.9706000e+00   5.0500000e+00
   2.9747000e+00   5.0550000e+00
   2.9787000e+00   5.0600000e+00
   2.9828000e+00   5.0650000e+00
   2.9870000e+00   5.0700000e+00
   2.9911000e+00   5.0750000e+00
   2.9952000e+00   5.0800000e+00
   2.9993000e+00   5.0850000e+00
   3.0034000e+00   5.0900000e+00
   3.0075000e+00   5.0950000e+00
   3.0116000e+00   5.1000000e+00
   3.0158000e+00   5.1050000e+00
   3.0199000e+00   5.1100000e+00
   3.0241000e+00   5.1150000e+00
   3.0282000e+00   5.1200000e+00
   3.0323000e+00   5.1250000e+00
   3.0365000e+00   5.1300000e+00
   3.0407000e+00   5.1350000e+00
   3.0448000e+00   5.1400000e+00
   3.0490000e+00   5.1450000e+00
   3.0532000e+00   5.1500000e+00
   3.0573000e+00   5.1550000e+00
   3.0615000e+00   5.1600000e+00
   3.0658000e+00   5.1650000e+00
   3.0699000e+00   5.1700000e+00
   3.0741000e+00   5.1750000e+00
   3.0783000e+00   5.1800000e+00
   3.0826000e+00   5.1850000e+00
   3.0868000e+00   5.1900000e+00
   3.0910000e+00   5.1950000e+00
   3.0952000e+00   5.2000000e+00
   3.0994000e+00   5.2050000e+00
   3.1037000e+00   5.2100000e+00
   3.1079000e+00   5.2150000e+00
   3.1122000e+00   5.2200000e+00
   3.1164000e+00   5.2250000e+00
   3.1207000e+00   5.2300000e+00
   3.1250000e+00   5.2350000e+00
   3.1292000e+00   5.2400000e+00
   3.1335000e+00   5.2450000e+00
   3.1378000e+00   5.2500000e+00
   3.1421000e+00   5.2550000e+00
   3.1464000e+00   5.2600000e+00
   3.1506000e+00   5.2650000e+00
   3.1549000e+00   5.2700000e+00
   3.1593000e+00   5.2750000e+00
   3.1636000e+00   5.2800000e+00
   3.1679000e+00   5.2850000e+00
   3.1722000e+00   5.2900000e+00
   3.1765000e+00   5.2950000e+00
   3.1809000e+00   5.3000000e+00
   3.1853000e+00   5.3050000e+00
   3.1896000e+00   5.3100000e+00
   3.1939000e+00   5.3150000e+00
   3.1983000e+00   5.3200000e+00
   3.2027000e+00   5.3250000e+00
   3.2070000e+00   5.3300000e+00
   3.2114000e+00   5.3350000e+00
   3.2157000e+00   5.3400000e+00
   3.2202000e+00   5.3450000e+00
   3.2246000e+00   5.3500000e+00
   3.2290000e+00   5.3550000e+00
   3.2333000e+00   5.3600000e+00
   3.2377000e+00   5.3650000e+00
   3.2422000e+00   5.3700000e+00
   3.2466000e+00   5.3750000e+00
   3.2510000e+00   5.3800000e+00
   3.2554000e+00   5.3850000e+00
   3.2599000e+00   5.3900000e+00
   3.2644000e+00   5.3950000e+00
   3.2688000e+00   5.4000000e+00
   3.2732000e+00   5.4050000e+00
   3.2777000e+00   5.4100000e+00
   3.2822000e+00   5.4150000e+00
   3.2867000e+00   5.4200000e+00
   3.2911000e+00   5.4250000e+00
   3.2956000e+00   5.4300000e+00
   3.3001000e+00   5.4350000e+00
   3.3046000e+00   5.4400000e+00
   3.3091000e+00   5.4450000e+00
   3.3136000e+00   5.4500000e+00
   3.3181000e+00   5.4550000e+00
   3.3226000e+00   5.4600000e+00
   3.3272000e+00   5.4650000e+00
   3.3318000e+00   5.4700000e+00
   3.3363000e+00   5.4750000e+00
   3.3408000e+00   5.4800000e+00
   3.3453000e+00   5.4850000e+00
   3.3499000e+00   5.4900000e+00
   3.3545000e+00   5.4950000e+00
   3.3591000e+00   5.5000000e+00
   3.3636000e+00   5.5050000e+00
   3.3682000e+00   5.5100000e+00
   3.3728000e+00   5.5150000e+00
   3.3774000e+00   5.5200000e+00
   3.3820000e+00   5.5250000e+00
   3.3866000e+00   5.5300000e+00
   3.3913000e+00   5.5350000e+00
   3.3959000e+00   5.5400000e+00
   3.4005000e+00   5.5450000e+00
   3.4051000e+00   5.5500000e+00
   3.4098000e+00   5.5550000e+00
   3.4144000e+00   5.5600000e+00
   3.4191000e+00   5.5650000e+00
   3.4238000e+00   5.5700000e+00
   3.4284000e+00   5.5750000e+00
   3.4331000e+00   5.5800000e+00
   3.4378000e+00   5.5850000e+00
   3.4425000e+00   5.5900000e+00
   3.4472000e+00   5.5950000e+00
   3.4519000e+00   5.6000000e+00
   3.4566000e+00   5.6050000e+00
   3.4613000e+00   5.6100000e+00
   3.4661000e+00   5.6150000e+00
   3.4708000e+00   5.6200000e+00
   3.4755000e+00   5.6250000e+00
   3.4802000e+00   5.6300000e+00
   3.4850000e+00   5.6350000e+00
   3.4898000e+00   5.6400000e+00
   3.4945000e+00   5.6450000e+00
   3.4993000e+00   5.6500000e+00
   3.5041000e+00   5.6550000e+00
   3.5089000e+00   5.6600000e+00
   3.5137000e+00   5.6650000e+00
   3.5185000e+00   5.6700000e+00
   3.5233000e+00   5.6750000e+00
   3.5281000e+00   5.6800000e+00
   3.5330000e+00   5.6850000e+00
   3.5378000e+00   5.6900000e+00
   3.5426000e+00   5.6950000e+00
   3.5474000e+00   5.7000000e+00
   3.5523000e+00   5.7050000e+00
   3.5572000e+00   5.7100000e+00
   3.5620000e+00   5.7150000e+00
   3.5669000e+00   5.7200000e+00
   3.5717000e+00   5.7250000e+00
   3.5767000e+00   5.7300000e+00
   3.5816000e+00   5.7350000e+00
   3.5865000e+00   5.7400000e+00
   3.5914000e+00   5.7450000e+00
   3.5963000e+00   5.7500000e+00
   3.6012000e+00   5.7550000e+00
   3.6062000e+00   5.7600000e+00
   3.6111000e+00   5.7650000e+00
   3.6160000e+00   5.7700000e+00
   3.6210000e+00   5.7750000e+00
   3.6260000e+00   5.7800000e+00
   3.6310000e+00   5.7850000e+00
   3.6359000e+00   5.7900000e+00
   3.6409000e+00   5.7950000e+00
   3.6459000e+00   5.8000000e+00
   3.6509000e+00   5.8050000e+00
   3.6560000e+00   5.8100000e+00
   3.6610000e+00   5.8150000e+00
   3.6660000e+00   5.8200000e+00
   3.6710000e+00   5.8250000e+00
   3.6761000e+00   5.8300000e+00
   3.6812000e+00   5.8350000e+00
   3.6862000e+00   5.8400000e+00
   3.6912000e+00   5.8450000e+00
   3.6963000e+00   5.8500000e+00
   3.7014000e+00   5.8550000e+00
   3.7065000e+00   5.8600000e+00
   3.7116000e+00   5.8650000e+00
   3.7167000e+00   5.8700000e+00
   3.7218000e+00   5.8750000e+00
   3.7270000e+00   5.8800000e+00
   3.7321000e+00   5.8850000e+00
   3.7372000e+00   5.8900000e+00
   3.7424000e+00   5.8950000e+00
   3.7475000e+00   5.9000000e+00
   3.7527000e+00   5.9050000e+00
   3.7579000e+00   5.9100000e+00
   3.7631000e+00   5.9150000e+00
   3.7682000e+00   5.9200000e+00
   3.7734000e+00   5.9250000e+00
   3.7787000e+00   5.9300000e+00
   3.7840000e+00   5.9350000e+00
   3.7892000e+00   5.9400000e+00
   3.7943000e+00   5.9450000e+00
   3.7996000e+00   5.9500000e+00
   3.8049000e+00   5.9550000e+00
   3.8102000e+00   5.9600000e+00
   3.8154000e+00   5.9650000e+00
   3.8207000e+00   5.9700000e+00
   3.8260000e+00   5.9750000e+00
   3.8313000e+00   5.9800000e+00
   3.8366000e+00   5.9850000e+00
   3.8419000e+00   5.9900000e+00
   3.8472000e+00   5.9950000e+00
   3.8525000e+00   6.0000000e+00
   3.8579000e+00   6.0050000e+00
   3.8633000e+00   6.0100000e+00
   3.8687000e+00   6.0150000e+00
   3.8740000e+00   6.0200000e+00
   3.8794000e+00   6.0250000e+00
   3.8848000e+00   6.0300000e+00
   3.8902000e+00   6.0350000e+00
   3.8956000e+00   6.0400000e+00
   3.9010000e+00   6.0450000e+00
   3.9064000e+00   6.0500000e+00
   3.9119000e+00   6.0550000e+00
   3.9174000e+00   6.0600000e+00
   3.9228000e+00   6.0650000e+00
   3.9283000e+00   6.0700000e+00
   3.9337000e+00   6.0750000e+00
   3.9392000e+00   6.0800000e+00
   3.9448000e+00   6.0850000e+00
   3.9503000e+00   6.0900000e+00
   3.9558000e+00   6.0950000e+00
   3.9612000e+00   6.1000000e+00
   3.9668000e+00   6.1050000e+00
   3.9724000e+00   6.1100000e+00
   3.9780000e+00   6.1150000e+00
   3.9835000e+00   6.1200000e+00
   3.9890000e+00   6.1250000e+00
   3.9946000e+00   6.1300000e+00
   4.0003000e+00   6.1350000e+00
   4.0059000e+00   6.1400000e+00
   4.0115000e+00   6.1450000e+00
   4.0171000e+00   6.1500000e+00
   4.0227000e+00   6.1550000e+00
   4.0284000e+00   6.1600000e+00
   4.0341000e+00   6.1650000e+00
   4.0398000e+00   6.1700000e+00
   4.0454000e+00   6.1750000e+00
   4.0510000e+00   6.1800000e+00
   4.0568000e+00   6.1850000e+00
   4.0625000e+00   6.1900000e+00
   4.0683000e+00   6.1950000e+00
   4.0740000e+00   6.2000000e+00
   4.0797000e+00   6.2050000e+00
   4.0854000e+00   6.2100000e+00
   4.0912000e+00   6.2150000e+00
   4.0971000e+00   6.2200000e+00
   4.1028000e+00   6.2250000e+00
   4.1086000e+00   6.2300000e+00
   4.1144000e+00   6.2350000e+00
   4.1202000e+00   6.2400000e+00
   4.1261000e+00   6.2450000e+00
   4.1319000e+00   6.2500000e+00
   4.1377000e+00   6.2550000e+00
   4.1436000e+00   6.2600000e+00
   4.1495000e+00   6.2650000e+00
   4.1554000e+00   6.2700000e+00
   4.1613000e+00   6.2750000e+00
   4.1672000e+00   6.2800000e+00
   4.1731000e+00   6.2850000e+00
   4.1790000e+00   6.2900000e+00
   4.1850000e+00   6.2950000e+00
   4.1910000e+00   6.3000000e+00
   4.1970000e+00   6.3050000e+00
   4.2029000e+00   6.3100000e+00
   4.2089000e+00   6.3150000e+00
   4.2149000e+00   6.3200000e+00
   4.2210000e+00   6.3250000e+00
   4.2270000e+00   6.3300000e+00
   4.2330000e+00   6.3350000e+00
   4.2390000e+00   6.3400000e+00
   4.2451000e+00   6.3450000e+00
   4.2512000e+00   6.3500000e+00
   4.2574000e+00   6.3550000e+00
   4.2635000e+00   6.3600000e+00
   4.2695000e+00   6.3650000e+00
   4.2756000e+00   6.3700000e+00
   4.2818000e+00   6.3750000e+00
   4.2880000e+00   6.3800000e+00
   4.2942000e+00   6.3850000e+00
   4.3003000e+00   6.3900000e+00
   4.3065000e+00   6.3950000e+00
   4.3127000e+00   6.4000000e+00
   4.3189000e+00   6.4050000e+00
   4.3252000e+00   6.4100000e+00
   4.3314000e+00   6.4150000e+00
   4.3376000e+00   6.4200000e+00
   4.3439000e+00   6.4250000e+00
   4.3502000e+00   6.4300000e+00
   4.3565000e+00   6.4350000e+00
   4.3629000e+00   6.4400000e+00
   4.3692000e+00   6.4450000e+00
   4.3754000e+00   6.4500000e+00
   4.3818000e+00   6.4550000e+00
   4.3882000e+00   6.4600000e+00
   4.3946000e+00   6.4650000e+00
   4.4010000e+00   6.4700000e+00
   4.4074000e+00   6.4750000e+00
   4.4137000e+00   6.4800000e+00
   4.4202000e+00   6.4850000e+00
   4.4267000e+00   6.4900000e+00
   4.4332000e+00   6.4950000e+00
   4.4397000e+00   6.5000000e+00
   4.4461000e+00   6.5050000e+00
   4.4525000e+00   6.5100000e+00
   4.4591000e+00   6.5150000e+00
   4.4657000e+00   6.5200000e+00
   4.4723000e+00   6.5250000e+00
   4.4788000e+00   6.5300000e+00
   4.4853000e+00   6.5350000e+00
   4.4919000e+00   6.5400000e+00
   4.4985000e+00   6.5450000e+00
   4.5052000e+00   6.5500000e+00
   4.5119000e+00   6.5550000e+00
   4.5185000e+00   6.5600000e+00
   4.5251000e+00   6.5650000e+00
   4.5317000e+00   6.5700000e+00
   4.5385000e+00   6.5750000e+00
   4.5452000e+00   6.5800000e+00
   4.5520000e+00   6.5850000e+00
   4.5587000e+00   6.5900000e+00
   4.5654000e+00   6.5950000e+00
   4.5721000e+00   6.6000000e+00
   4.5790000e+00   6.6050000e+00
   4.5858000e+00   6.6100000e+00
   4.5927000e+00   6.6150000e+00
   4.5995000e+00   6.6200000e+00
   4.6063000e+00   6.6250000e+00
   4.6131000e+00   6.6300000e+00
   4.6200000e+00   6.6350000e+00
   4.6270000e+00   6.6400000e+00
   4.6340000e+00   6.6450000e+00
   4.6409000e+00   6.6500000e+00
   4.6477000e+00   6.6550000e+00
   4.6547000e+00   6.6600000e+00
   4.6617000e+00   6.6650000e+00
   4.6688000e+00   6.6700000e+00
   4.6758000e+00   6.6750000e+00
   4.6828000e+00   6.6800000e+00
   4.6898000e+00   6.6850000e+00
   4.6968000e+00   6.6900000e+00
   4.7039000e+00   6.6950000e+00
   4.7111000e+00   6.7000000e+00
   4.7183000e+00   6.7050000e+00
   4.7254000e+00   6.7100000e+00
   4.7325000e+00   6.7150000e+00
   4.7396000e+00   6.7200000e+00
   4.7468000e+00   6.7250000e+00
   4.7541000e+00   6.7300000e+00
   4.7614000e+00   6.7350000e+00
   4.7686000e+00   6.7400000e+00
   4.7758000e+00   6.7450000e+00
   4.7830000e+00   6.7500000e+00
   4.7903000e+00   6.7550000e+00
   4.7977000e+00   6.7600000e+00
   4.8051000e+00   6.7650000e+00
   4.8125000e+00   6.7700000e+00
   4.8198000e+00   6.7750000e+00
   4.8271000e+00   6.7800000e+00
   4.8345000e+00   6.7850000e+00
   4.8420000e+00   6.7900000e+00
   4.8495000e+00   6.7950000e+00
   4.8570000e+00   6.8000000e+00
   4.8645000e+00   6.8050000e+00
   4.8719000e+00   6.8100000e+00
   4.8794000e+00   6.8150000e+00
   4.8870000e+00   6.8200000e+00
   4.8946000e+00   6.8250000e+00
   4.9023000e+00   6.8300000e+00
   4.9099000e+00   6.8350000e+00
   4.9174000e+00   6.8400000e+00
   4.9250000e+00   6.8450000e+00
   4.9327000e+00   6.8500000e+00
   4.9404000e+00   6.8550000e+00
   4.9482000e+00   6.8600000e+00
   4.9560000e+00   6.8650000e+00
   4.9637000e+00   6.8700000e+00
   4.9714000e+00   6.8750000e+00
   4.9791000e+00   6.8800000e+00
   4.9869000e+00   6.8850000e+00
   4.9948000e+00   6.8900000e+00
   5.0028000e+00   6.8950000e+00
   5.0107000e+00   6.9000000e+00
   5.0185000e+00   6.9050000e+00
   5.0264000e+00   6.9100000e+00
   5.0343000e+00   6.9150000e+00
   5.0423000e+00   6.9200000e+00
   5.0503000e+00   6.9250000e+00
   5.0584000e+00   6.9300000e+00
   5.0665000e+00   6.9350000e+00
   5.0745000e+00   6.9400000e+00
   5.0825000e+00   6.9450000e+00
   5.0906000e+00   6.9500000e+00
   5.0987000e+00   6.9550000e+00
   5.1069000e+00   6.9600000e+00
   5.1152000e+00   6.9650000e+00
   5.1234000e+00   6.9700000e+00
   5.1316000e+00   6.9750000e+00
   5.1397000e+00   6.9800000e+00
   5.1480000e+00   6.9850000e+00
   5.1563000e+00   6.9900000e+00
   5.1647000e+00   6.9950000e+00
   5.1731000e+00   7.0000000e+00
   5.1815000e+00   7.0050000e+00
   5.1898000e+00   7.0100000e+00
   5.1982000e+00   7.0150000e+00
   5.2066000e+00   7.0200000e+00
   5.2150000e+00   7.0250000e+00
   5.2236000e+00   7.0300000e+00
   5.2322000e+00   7.0350000e+00
   5.2408000e+00   7.0400000e+00
   5.2493000e+00   7.0450000e+00
   5.2578000e+00   7.0500000e+00
   5.2664000e+00   7.0550000e+00
   5.2750000e+00   7.0600000e+00
   5.2838000e+00   7.0650000e+00
   5.2926000e+00   7.0700000e+00
   5.3013000e+00   7.0750000e+00
   5.3101000e+00   7.0800000e+00
   5.3188000e+00   7.0850000e+00
   5.3276000e+00   7.0900000e+00
   5.3364000e+00   7.0950000e+00
   5.3453000e+00   7.1000000e+00
   5.3542000e+00   7.1050000e+00
   5.3632000e+00   7.1100000e+00
   5.3722000e+00   7.1150000e+00
   5.3812000e+00   7.1200000e+00
   5.3901000e+00   7.1250000e+00
   5.3991000e+00   7.1300000e+00
   5.4081000e+00   7.1350000e+00
   5.4173000e+00   7.1400000e+00
   5.4265000e+00   7.1450000e+00
   5.4357000e+00   7.1500000e+00
   5.4449000e+00   7.1550000e+00
   5.4541000e+00   7.1600000e+00
   5.4633000e+00   7.1650000e+00
   5.4725000e+00   7.1700000e+00
   5.4818000e+00   7.1750000e+00
   5.4912000e+00   7.1800000e+00
   5.5007000e+00   7.1850000e+00
   5.5101000e+00   7.1900000e+00
   5.5196000e+00   7.1950000e+00
   5.5290000e+00   7.2000000e+00
   5.5385000e+00   7.2050000e+00
   5.5479000e+00   7.2100000e+00
   5.5575000e+00   7.2150000e+00
   5.5671000e+00   7.2200000e+00
   5.5768000e+00   7.2250000e+00
   5.5866000e+00   7.2300000e+00
   5.5963000e+00   7.2350000e+00
   5.6061000e+00   7.2400000e+00
   5.6158000e+00   7.2450000e+00
   5.6255000e+00   7.2500000e+00
   5.6353000e+00   7.2550000e+00
   5.6452000e+00   7.2600000e+00
   5.6552000e+00   7.2650000e+00
   5.6652000e+00   7.2700000e+00
   5.6753000e+00   7.2750000e+00
   5.6853000e+00   7.2800000e+00
   5.6953000e+00   7.2850000e+00
   5.7054000e+00   7.2900000e+00
   5.7154000e+00   7.2950000e+00
   5.7256000e+00   7.3000000e+00
   5.7358000e+00   7.3050000e+00
   5.7461000e+00   7.3100000e+00
   5.7565000e+00   7.3150000e+00
   5.7669000e+00   7.3200000e+00
   5.7772000e+00   7.3250000e+00
   5.7876000e+00   7.3300000e+00
   5.7980000e+00   7.3350000e+00
   5.8084000e+00   7.3400000e+00
   5.8189000e+00   7.3450000e+00
   5.8295000e+00   7.3500000e+00
   5.8401000e+00   7.3550000e+00
   5.8508000e+00   7.3600000e+00
   5.8616000e+00   7.3650000e+00
   5.8724000e+00   7.3700000e+00
   5.8832000e+00   7.3750000e+00
   5.8939000e+00   7.3800000e+00
   5.9047000e+00   7.3850000e+00
   5.9156000e+00   7.3900000e+00
   5.9265000e+00   7.3950000e+00
   5.9375000e+00   7.4000000e+00
   5.9486000e+00   7.4050000e+00
   5.9597000e+00   7.4100000e+00
   5.9709000e+00   7.4150000e+00
   5.9821000e+00   7.4200000e+00
   5.9934000e+00   7.4250000e+00
   6.0046000e+00   7.4300000e+00
   6.0159000e+00   7.4350000e+00
   6.0272000e+00   7.4400000e+00
   6.0385000e+00   7.4450000e+00
   6.0500000e+00   7.4500000e+00
   6.0615000e+00   7.4550000e+00
   6.0731000e+00   7.4600000e+00
   6.0848000e+00   7.4650000e+00
   6.0965000e+00   7.4700000e+00
   6.1083000e+00   7.4750000e+00
   6.1201000e+00   7.4800000e+00
   6.1319000e+00   7.4850000e+00
   6.1437000e+00   7.4900000e+00
   6.1555000e+00   7.4950000e+00
   6.1674000e+00   7.5000000e+00
   6.1794000e+00   7.5050000e+00
   6.1915000e+00   7.5100000e+00
   6.2037000e+00   7.5150000e+00
   6.2159000e+00   7.5200000e+00
   6.2282000e+00   7.5250000e+00
   6.2406000e+00   7.5300000e+00
   6.2530000e+00   7.5350000e+00
   6.2654000e+00   7.5400000e+00
   6.2779000e+00   7.5450000e+00
   6.2904000e+00   7.5500000e+00
   6.3029000e+00   7.5550000e+00
   6.3155000e+00   7.5600000e+00
   6.3282000e+00   7.5650000e+00
   6.3409000e+00   7.5700000e+00
   6.3538000e+00   7.5750000e+00
   6.3667000e+00   7.5800000e+00
   6.3797000e+00   7.5850000e+00
   6.3928000e+00   7.5900000e+00
   6.4060000e+00   7.5950000e+00
   6.4192000e+00   7.6000000e+00
   6.4325000e+00   7.6050000e+00
   6.4458000e+00   7.6100000e+00
   6.4591000e+00   7.6150000e+00
   6.4725000e+00   7.6200000e+00
   6.4859000e+00   7.6250000e+00
   6.4994000e+00   7.6300000e+00
   6.5130000e+00   7.6350000e+00
   6.5267000e+00   7.6400000e+00
   6.5405000e+00   7.6450000e+00
   6.5543000e+00   7.6500000e+00
   6.5683000e+00   7.6550000e+00
   6.5823000e+00   7.6600000e+00
   6.5964000e+00   7.6650000e+00
   6.6107000e+00   7.6700000e+00
   6.6250000e+00   7.6750000e+00
   6.6393000e+00   7.6800000e+00
   6.6537000e+00   7.6850000e+00
   6.6682000e+00   7.6900000e+00
   6.6828000e+00   7.6950000e+00
   6.6974000e+00   7.7000000e+00
   6.7121000e+00   7.7050000e+00
   6.7268000e+00   7.7100000e+00
   6.7417000e+00   7.7150000e+00
   6.7566000e+00   7.7200000e+00
   6.7716000e+00   7.7250000e+00
   6.7867000e+00   7.7300000e+00
   6.8020000e+00   7.7350000e+00
   6.8173000e+00   7.7400000e+00
   6.8327000e+00   7.7450000e+00
   6.8482000e+00   7.7500000e+00
   6.8638000e+00   7.7550000e+00
   6.8796000e+00   7.7600000e+00
   6.8954000e+00   7.7650000e+00
   6.9113000e+00   7.7700000e+00
   6.9274000e+00   7.7750000e+00
   6.9435000e+00   7.7800000e+00
   6.9597000e+00   7.7850000e+00
   6.9761000e+00   7.7900000e+00
   6.9925000e+00   7.7950000e+00
   7.0091000e+00   7.8000000e+00
   7.0257000e+00   7.8050000e+00
   7.0425000e+00   7.8100000e+00
   7.0593000e+00   7.8150000e+00
   7.0763000e+00   7.8200000e+00
   7.0934000e+00   7.8250000e+00
   7.1106000e+00   7.8300000e+00
   7.1279000e+00   7.8350000e+00
   7.1453000e+00   7.8400000e+00
   7.1628000e+00   7.8450000e+00
   7.1805000e+00   7.8500000e+00
   7.1983000e+00   7.8550000e+00
   7.2162000e+00   7.8600000e+00
   7.2343000e+00   7.8650000e+00
   7.2524000e+00   7.8700000e+00
   7.2708000e+00   7.8750000e+00
   7.2892000e+00   7.8800000e+00
   7.3078000e+00   7.8850000e+00
   7.3265000e+00   7.8900000e+00
   7.3454000e+00   7.8950000e+00
   7.3644000e+00   7.9000000e+00
   7.3836000e+00   7.9050000e+00
   7.4029000e+00   7.9100000e+00
   7.4224000e+00   7.9150000e+00
   7.4420000e+00   7.9200000e+00
   7.4618000e+00   7.9250000e+00
   7.4818000e+00   7.9300000e+00
   7.5019000e+00   7.9350000e+00
   7.5222000e+00   7.9400000e+00
   7.5427000e+00   7.9450000e+00
   7.5633000e+00   7.9500000e+00
   7.5841000e+00   7.9550000e+00
   7.6051000e+00   7.9600000e+00
   7.6263000e+00   7.9650000e+00
   7.6477000e+00   7.9700000e+00
   7.6693000e+00   7.9750000e+00
   7.6910000e+00   7.9800000e+00
   7.7130000e+00   7.9850000e+00
   7.7351000e+00   7.9900000e+00
   7.7575000e+00   7.9950000e+00
   7.7801000e+00   8.0000000e+00
   7.8029000e+00   8.0050000e+00
   7.8258000e+00   8.0100000e+00
   7.8491000e+00   8.0150000e+00
   7.8725000e+00   8.0200000e+00
   7.8961000e+00   8.0250000e+00
   7.9200000e+00   8.0300000e+00
   7.9442000e+00   8.0350000e+00
   7.9685000e+00   8.0400000e+00
   7.9932000e+00   8.0450000e+00
   8.0181000e+00   8.0500000e+00
   8.0432000e+00   8.0550000e+00
   8.0687000e+00   8.0600000e+00
   8.0944000e+00   8.0650000e+00
   8.1205000e+00   8.0700000e+00
   8.1469000e+00   8.0750000e+00
   8.1736000e+00   8.0800000e+00
   8.2007000e+00   8.0850000e+00
   8.2281000e+00   8.0900000e+00
   8.2559000e+00   8.0950000e+00
   8.2839000e+00   8.1000000e+00
   8.3123000e+00   8.1050000e+00
   8.3411000e+00   8.1100000e+00
   8.3701000e+00   8.1150000e+00
   8.3995000e+00   8.1200000e+00
   8.4293000e+00   8.1250000e+00
   8.4594000e+00   8.1300000e+00
   8.4900000e+00   8.1350000e+00
   8.5211000e+00   8.1400000e+00
   8.5526000e+00   8.1450000e+00
   8.5847000e+00   8.1500000e+00
   8.6174000e+00   8.1550000e+00
   8.6505000e+00   8.1600000e+00
   8.6842000e+00   8.1650000e+00
   8.7183000e+00   8.1700000e+00
   8.7529000e+00   8.1750000e+00
   8.7880000e+00   8.1800000e+00
   8.8236000e+00   8.1850000e+00
   8.8599000e+00   8.1900000e+00
   8.8969000e+00   8.1950000e+00
   8.9347000e+00   8.2000000e+00
   8.9733000e+00   8.2050000e+00
   9.0127000e+00   8.2100000e+00
   9.0527000e+00   8.2150000e+00
   9.0935000e+00   8.2200000e+00
   9.1349000e+00   8.2250000e+00
   9.1771000e+00   8.2300000e+00
   9.2205000e+00   8.2350000e+00
   9.2650000e+00   8.2400000e+00
   9.3107000e+00   8.2450000e+00
   9.3575000e+00   8.2500000e+00
   9.4052000e+00   8.2550000e+00
   9.4540000e+00   8.2600000e+00
   9.5040000e+00   8.2650000e+00
   9.5556000e+00   8.2700000e+00
   9.6090000e+00   8.2750000e+00
   9.6642000e+00   8.2800000e+00
   9.7208000e+00   8.2850000e+00
   9.7790000e+00   8.2900000e+00
   9.8392000e+00   8.2950000e+00
   9.9020000e+00   8.3000000e+00
   9.9676000e+00   8.3050000e+00
   1.0036000e+01   8.3100000e+00
   1.0106000e+01   8.3150000e+00
   1.0180000e+01   8.3200000e+00
   1.0258000e+01   8.3250000e+00
   1.0341000e+01   8.3300000e+00
   1.0428000e+01   8.3350000e+00
   1.0521000e+01   8.3400000e+00
   1.0621000e+01   8.3450000e+00
   1.0729000e+01   8.3500000e+00
   1.0848000e+01   8.3550000e+00
   1.0978000e+01   8.3600000e+00
   1.1127000e+01   8.3650000e+00
   1.1301000e+01   8.3700000e+00
   1.1511000e+01   8.3750000e+00
   1.1785000e+01   8.3800000e+00
