   0.0000000e+00   0.0000000e+00
   0.0000000e+00   0.0000000e+00
   0.0000000e+00   0.0000000e+00
   0.0000000e+00   0.0000000e+00
   0.0000000e+00   0.0000000e+00
   0.0000000e+00   0.0000000e+00
   0.0000000e+00   0.0000000e+00
   0.0000000e+00   0.0000000e+00
   0.0000000e+00   0.0000000e+00
   0.0000000e+00   0.0000000e+00
   0.0000000e+00   0.0000000e+00
   0.0000000e+00   0.0000000e+00
   0.0000000e+00   0.0000000e+00
   0.0000000e+00   0.0000000e+00
   0.0000000e+00   0.0000000e+00
   0.0000000e+00   0.0000000e+00
   0.0000000e+00   0.0000000e+00
   0.0000000e+00   0.0000000e+00
   0.0000000e+00   0.0000000e+00
   0.0000000e+00   0.0000000e+00
   2.5000000e-03   5.0000000e-03
   5.0000000e-03   1.0000000e-02
   7.5001000e-03   1.5000000e-02
   1.0000000e-02   2.0000000e-02
   1.2501000e-02   2.5000000e-02
   1.5001000e-02   3.0000000e-02
   1.7502000e-02   3.5000000e-02
   2.0003000e-02   4.0000000e-02
   2.2504000e-02   4.5000000e-02
   2.5005000e-02   5.0000000e-02
   2.7507000e-02   5.5000000e-02
   3.0009000e-02   6.0000000e-02
   3.2511000e-02   6.5000000e-02
   3.5014000e-02   7.0000000e-02
   3.7517000e-02   7.5000000e-02
   4.0021000e-02   8.0000000e-02
   4.2525000e-02   8.5000000e-02
   4.5030000e-02   9.0000000e-02
   4.7535000e-02   9.5000000e-02
   5.0041000e-02   1.0000000e-01
   5.2547000e-02   1.0500000e-01
   5.5054000e-02   1.1000000e-01
   5.7562000e-02   1.1500000e-01
   6.0071000e-02   1.2000000e-01
   6.2580000e-02   1.2500000e-01
   6.5090000e-02   1.3000000e-01
   6.7601000e-02   1.3500000e-01
   7.0112000e-02   1.4000000e-01
   7.2625000e-02   1.4500000e-01
   7.5138000e-02   1.5000000e-01
   7.7653000e-02   1.5500000e-01
   8.0168000e-02   1.6000000e-01
   8.2684000e-02   1.6500000e-01
   8.5201000e-02   1.7000000e-01
   8.7720000e-02   1.7500000e-01
   9.0239000e-02   1.8000000e-01
   9.2760000e-02   1.8500000e-01
   9.5281000e-02   1.9000000e-01
   9.7804000e-02   1.9500000e-01
   1.0033000e-01   2.0000000e-01
   1.0285000e-01   2.0500000e-01
   1.0538000e-01   2.1000000e-01
   1.0791000e-01   2.1500000e-01
   1.1044000e-01   2.2000000e-01
   1.1297000e-01   2.2500000e-01
   1.1550000e-01   2.3000000e-01
   1.1803000e-01   2.3500000e-01
   1.2057000e-01   2.4000000e-01
   1.2311000e-01   2.4500000e-01
   1.2564000e-01   2.5000000e-01
   1.2818000e-01   2.5500000e-01
   1.3072000e-01   2.6000000e-01
   1.3327000e-01   2.6500000e-01
   1.3581000e-01   2.7000000e-01
   1.3836000e-01   2.7500000e-01
   1.4091000e-01   2.8000000e-01
   1.4346000e-01   2.8500000e-01
   1.4601000e-01   2.9000000e-01
   1.4856000e-01   2.9500000e-01
   1.5112000e-01   3.0000000e-01
   1.5367000e-01   3.0500000e-01
   1.5623000e-01   3.1000000e-01
   1.5879000e-01   3.1500000e-01
   1.6136000e-01   3.2000000e-01
   1.6392000e-01   3.2500000e-01
   1.6649000e-01   3.3000000e-01
   1.6906000e-01   3.3500000e-01
   1.7163000e-01   3.4000000e-01
   1.7420000e-01   3.4500000e-01
   1.7678000e-01   3.5000000e-01
   1.7936000e-01   3.5500000e-01
   1.8194000e-01   3.6000000e-01
   1.8452000e-01   3.6500000e-01
   1.8711000e-01   3.7000000e-01
   1.8969000e-01   3.7500000e-01
   1.9229000e-01   3.8000000e-01
   1.9488000e-01   3.8500000e-01
   1.9747000e-01   3.9000000e-01
   2.0007000e-01   3.9500000e-01
   2.0267000e-01   4.0000000e-01
   2.0527000e-01   4.0500000e-01
   2.0788000e-01   4.1000000e-01
   2.1049000e-01   4.1500000e-01
   2.1310000e-01   4.2000000e-01
   2.1571000e-01   4.2500000e-01
   2.1833000e-01   4.3000000e-01
   2.2095000e-01   4.3500000e-01
   2.2357000e-01   4.4000000e-01
   2.2619000e-01   4.4500000e-01
   2.2882000e-01   4.5000000e-01
   2.3145000e-01   4.5500000e-01
   2.3409000e-01   4.6000000e-01
   2.3672000e-01   4.6500000e-01
   2.3936000e-01   4.7000000e-01
   2.4201000e-01   4.7500000e-01
   2.4466000e-01   4.8000000e-01
   2.4731000e-01   4.8500000e-01
   2.4996000e-01   4.9000000e-01
   2.5262000e-01   4.9500000e-01
   2.5528000e-01   5.0000000e-01
   2.5794000e-01   5.0500000e-01
   2.6061000e-01   5.1000000e-01
   2.6328000e-01   5.1500000e-01
   2.6595000e-01   5.2000000e-01
   2.6863000e-01   5.2500000e-01
   2.7131000e-01   5.3000000e-01
   2.7399000e-01   5.3500000e-01
   2.7668000e-01   5.4000000e-01
   2.7937000e-01   5.4500000e-01
   2.8207000e-01   5.5000000e-01
   2.8477000e-01   5.5500000e-01
   2.8747000e-01   5.6000000e-01
   2.9018000e-01   5.6500000e-01
   2.9289000e-01   5.7000000e-01
   2.9561000e-01   5.7500000e-01
   2.9833000e-01   5.8000000e-01
   3.0105000e-01   5.8500000e-01
   3.0378000e-01   5.9000000e-01
   3.0651000e-01   5.9500000e-01
   3.0925000e-01   6.0000000e-01
   3.1199000e-01   6.0500000e-01
   3.1473000e-01   6.1000000e-01
   3.1748000e-01   6.1500000e-01
   3.2023000e-01   6.2000000e-01
   3.2299000e-01   6.2500000e-01
   3.2576000e-01   6.3000000e-01
   3.2852000e-01   6.3500000e-01
   3.3130000e-01   6.4000000e-01
   3.3407000e-01   6.4500000e-01
   3.3685000e-01   6.5000000e-01
   3.3964000e-01   6.5500000e-01
   3.4243000e-01   6.6000000e-01
   3.4523000e-01   6.6500000e-01
   3.4803000e-01   6.7000000e-01
   3.5083000e-01   6.7500000e-01
   3.5364000e-01   6.8000000e-01
   3.5646000e-01   6.8500000e-01
   3.5928000e-01   6.9000000e-01
   3.6211000e-01   6.9500000e-01
   3.6494000e-01   7.0000000e-01
   3.6777000e-01   7.0500000e-01
   3.7062000e-01   7.1000000e-01
   3.7347000e-01   7.1500000e-01
   3.7632000e-01   7.2000000e-01
   3.7917000e-01   7.2500000e-01
   3.8204000e-01   7.3000000e-01
   3.8491000e-01   7.3500000e-01
   3.8779000e-01   7.4000000e-01
   3.9067000e-01   7.4500000e-01
   3.9355000e-01   7.5000000e-01
   3.9644000e-01   7.5500000e-01
   3.9934000e-01   7.6000000e-01
   4.0225000e-01   7.6500000e-01
   4.0516000e-01   7.7000000e-01
   4.0808000e-01   7.7500000e-01
   4.1100000e-01   7.8000000e-01
   4.1393000e-01   7.8500000e-01
   4.1687000e-01   7.9000000e-01
   4.1981000e-01   7.9500000e-01
   4.2275000e-01   8.0000000e-01
   4.2571000e-01   8.0500000e-01
   4.2867000e-01   8.1000000e-01
   4.3164000e-01   8.1500000e-01
   4.3461000e-01   8.2000000e-01
   4.3759000e-01   8.2500000e-01
   4.4058000e-01   8.3000000e-01
   4.4358000e-01   8.3500000e-01
   4.4658000e-01   8.4000000e-01
   4.4959000e-01   8.4500000e-01
   4.5261000e-01   8.5000000e-01
   4.5563000e-01   8.5500000e-01
   4.5866000e-01   8.6000000e-01
   4.6170000e-01   8.6500000e-01
   4.6474000e-01   8.7000000e-01
   4.6780000e-01   8.7500000e-01
   4.7086000e-01   8.8000000e-01
   4.7392000e-01   8.8500000e-01
   4.7700000e-01   8.9000000e-01
   4.8008000e-01   8.9500000e-01
   4.8317000e-01   9.0000000e-01
   4.8627000e-01   9.0500000e-01
   4.8938000e-01   9.1000000e-01
   4.9249000e-01   9.1500000e-01
   4.9562000e-01   9.2000000e-01
   4.9875000e-01   9.2500000e-01
   5.0189000e-01   9.3000000e-01
   5.0504000e-01   9.3500000e-01
   5.0819000e-01   9.4000000e-01
   5.1136000e-01   9.4500000e-01
   5.1454000e-01   9.5000000e-01
   5.1772000e-01   9.5500000e-01
   5.2091000e-01   9.6000000e-01
   5.2411000e-01   9.6500000e-01
   5.2732000e-01   9.7000000e-01
   5.3054000e-01   9.7500000e-01
   5.3376000e-01   9.8000000e-01
   5.3700000e-01   9.8500000e-01
   5.4024000e-01   9.9000000e-01
   5.4350000e-01   9.9500000e-01
   5.4677000e-01   1.0000000e+00
   5.5004000e-01   1.0050000e+00
   5.5333000e-01   1.0100000e+00
   5.5662000e-01   1.0150000e+00
   5.5993000e-01   1.0200000e+00
   5.6324000e-01   1.0250000e+00
   5.6657000e-01   1.0300000e+00
   5.6990000e-01   1.0350000e+00
   5.7324000e-01   1.0400000e+00
   5.7660000e-01   1.0450000e+00
   5.7997000e-01   1.0500000e+00
   5.8335000e-01   1.0550000e+00
   5.8673000e-01   1.0600000e+00
   5.9013000e-01   1.0650000e+00
   5.9354000e-01   1.0700000e+00
   5.9696000e-01   1.0750000e+00
   6.0039000e-01   1.0800000e+00
   6.0384000e-01   1.0850000e+00
   6.0729000e-01   1.0900000e+00
   6.1076000e-01   1.0950000e+00
   6.1423000e-01   1.1000000e+00
   6.1773000e-01   1.1050000e+00
   6.2123000e-01   1.1100000e+00
   6.2474000e-01   1.1150000e+00
   6.2827000e-01   1.1200000e+00
   6.3181000e-01   1.1250000e+00
   6.3536000e-01   1.1300000e+00
   6.3892000e-01   1.1350000e+00
   6.4250000e-01   1.1400000e+00
   6.4608000e-01   1.1450000e+00
   6.4969000e-01   1.1500000e+00
   6.5330000e-01   1.1550000e+00
   6.5693000e-01   1.1600000e+00
   6.6057000e-01   1.1650000e+00
   6.6423000e-01   1.1700000e+00
   6.6790000e-01   1.1750000e+00
   6.7158000e-01   1.1800000e+00
   6.7528000e-01   1.1850000e+00
   6.7899000e-01   1.1900000e+00
   6.8272000e-01   1.1950000e+00
   6.8645000e-01   1.2000000e+00
   6.9021000e-01   1.2050000e+00
   6.9398000e-01   1.2100000e+00
   6.9777000e-01   1.2150000e+00
   7.0157000e-01   1.2200000e+00
   7.0538000e-01   1.2250000e+00
   7.0921000e-01   1.2300000e+00
   7.1305000e-01   1.2350000e+00
   7.1692000e-01   1.2400000e+00
   7.2080000e-01   1.2450000e+00
   7.2469000e-01   1.2500000e+00
   7.2860000e-01   1.2550000e+00
   7.3252000e-01   1.2600000e+00
   7.3647000e-01   1.2650000e+00
   7.4043000e-01   1.2700000e+00
   7.4441000e-01   1.2750000e+00
   7.4840000e-01   1.2800000e+00
   7.5241000e-01   1.2850000e+00
   7.5644000e-01   1.2900000e+00
   7.6049000e-01   1.2950000e+00
   7.6456000e-01   1.3000000e+00
   7.6864000e-01   1.3050000e+00
   7.7274000e-01   1.3100000e+00
   7.7686000e-01   1.3150000e+00
   7.8101000e-01   1.3200000e+00
   7.8517000e-01   1.3250000e+00
   7.8935000e-01   1.3300000e+00
   7.9354000e-01   1.3350000e+00
   7.9776000e-01   1.3400000e+00
   8.0200000e-01   1.3450000e+00
   8.0626000e-01   1.3500000e+00
   8.1054000e-01   1.3550000e+00
   8.1484000e-01   1.3600000e+00
   8.1916000e-01   1.3650000e+00
   8.2350000e-01   1.3700000e+00
   8.2787000e-01   1.3750000e+00
   8.3226000e-01   1.3800000e+00
   8.3667000e-01   1.3850000e+00
   8.4110000e-01   1.3900000e+00
   8.4555000e-01   1.3950000e+00
   8.5003000e-01   1.4000000e+00
   8.5453000e-01   1.4050000e+00
   8.5905000e-01   1.4100000e+00
   8.6360000e-01   1.4150000e+00
   8.6817000e-01   1.4200000e+00
   8.7277000e-01   1.4250000e+00
   8.7739000e-01   1.4300000e+00
   8.8204000e-01   1.4350000e+00
   8.8671000e-01   1.4400000e+00
   8.9142000e-01   1.4450000e+00
   8.9613000e-01   1.4500000e+00
   9.0089000e-01   1.4550000e+00
   9.0566000e-01   1.4600000e+00
   9.1048000e-01   1.4650000e+00
   9.1531000e-01   1.4700000e+00
   9.2017000e-01   1.4750000e+00
   9.2505000e-01   1.4800000e+00
   9.2998000e-01   1.4850000e+00
   9.3492000e-01   1.4900000e+00
   9.3991000e-01   1.4950000e+00
   9.4491000e-01   1.5000000e+00
   9.4995000e-01   1.5050000e+00
   9.5501000e-01   1.5100000e+00
   9.6012000e-01   1.5150000e+00
   9.6525000e-01   1.5200000e+00
   9.7042000e-01   1.5250000e+00
   9.7561000e-01   1.5300000e+00
   9.8084000e-01   1.5350000e+00
   9.8611000e-01   1.5400000e+00
   9.9140000e-01   1.5450000e+00
   9.9674000e-01   1.5500000e+00
   1.0021000e+00   1.5550000e+00
   1.0075000e+00   1.5600000e+00
   1.0130000e+00   1.5650000e+00
   1.0184000e+00   1.5700000e+00
   1.0239000e+00   1.5750000e+00
   1.0295000e+00   1.5800000e+00
   1.0351000e+00   1.5850000e+00
   1.0407000e+00   1.5900000e+00
   1.0464000e+00   1.5950000e+00
   1.0521000e+00   1.6000000e+00
   1.0578000e+00   1.6050000e+00
   1.0636000e+00   1.6100000e+00
   1.0695000e+00   1.6150000e+00
   1.0754000e+00   1.6200000e+00
   1.0813000e+00   1.6250000e+00
   1.0873000e+00   1.6300000e+00
   1.0933000e+00   1.6350000e+00
   1.0993000e+00   1.6400000e+00
   1.1054000e+00   1.6450000e+00
   1.1116000e+00   1.6500000e+00
   1.1178000e+00   1.6550000e+00
   1.1240000e+00   1.6600000e+00
   1.1303000e+00   1.6650000e+00
   1.1367000e+00   1.6700000e+00
   1.1431000e+00   1.6750000e+00
   1.1496000e+00   1.6800000e+00
   1.1561000e+00   1.6850000e+00
   1.1626000e+00   1.6900000e+00
   1.1693000e+00   1.6950000e+00
   1.1759000e+00   1.7000000e+00
   1.1827000e+00   1.7050000e+00
   1.1895000e+00   1.7100000e+00
   1.1963000e+00   1.7150000e+00
   1.2032000e+00   1.7200000e+00
   1.2102000e+00   1.7250000e+00
   1.2173000e+00   1.7300000e+00
   1.2244000e+00   1.7350000e+00
   1.2315000e+00   1.7400000e+00
   1.2388000e+00   1.7450000e+00
   1.2461000e+00   1.7500000e+00
   1.2535000e+00   1.7550000e+00
   1.2609000e+00   1.7600000e+00
   1.2685000e+00   1.7650000e+00
   1.2761000e+00   1.7700000e+00
   1.2837000e+00   1.7750000e+00
   1.2915000e+00   1.7800000e+00
   1.2993000e+00   1.7850000e+00
   1.3072000e+00   1.7900000e+00
   1.3152000e+00   1.7950000e+00
   1.3233000e+00   1.8000000e+00
   1.3315000e+00   1.8050000e+00
   1.3398000e+00   1.8100000e+00
   1.3481000e+00   1.8150000e+00
   1.3565000e+00   1.8200000e+00
   1.3651000e+00   1.8250000e+00
   1.3737000e+00   1.8300000e+00
   1.3825000e+00   1.8350000e+00
   1.3913000e+00   1.8400000e+00
   1.4002000e+00   1.8450000e+00
   1.4093000e+00   1.8500000e+00
   1.4185000e+00   1.8550000e+00
   1.4277000e+00   1.8600000e+00
   1.4371000e+00   1.8650000e+00
   1.4466000e+00   1.8700000e+00
   1.4563000e+00   1.8750000e+00
   1.4660000e+00   1.8800000e+00
   1.4759000e+00   1.8850000e+00
   1.4859000e+00   1.8900000e+00
   1.4961000e+00   1.8950000e+00
   1.5064000e+00   1.9000000e+00
   1.5168000e+00   1.9050000e+00
   1.5274000e+00   1.9100000e+00
   1.5382000e+00   1.9150000e+00
   1.5490000e+00   1.9200000e+00
   1.5601000e+00   1.9250000e+00
   1.5713000e+00   1.9300000e+00
   1.5827000e+00   1.9350000e+00
   1.5943000e+00   1.9400000e+00
   1.6061000e+00   1.9450000e+00
   1.6180000e+00   1.9500000e+00
   1.6302000e+00   1.9550000e+00
   1.6425000e+00   1.9600000e+00
   1.6551000e+00   1.9650000e+00
   1.6679000e+00   1.9700000e+00
   1.6809000e+00   1.9750000e+00
   1.6941000e+00   1.9800000e+00
   1.7076000e+00   1.9850000e+00
   1.7213000e+00   1.9900000e+00
   1.7353000e+00   1.9950000e+00
   1.7496000e+00   2.0000000e+00
   1.7641000e+00   2.0050000e+00
   1.7789000e+00   2.0100000e+00
   1.7941000e+00   2.0150000e+00
   1.8095000e+00   2.0200000e+00
   1.8253000e+00   2.0250000e+00
   1.8415000e+00   2.0300000e+00
   1.8580000e+00   2.0350000e+00
   1.8749000e+00   2.0400000e+00
   1.8922000e+00   2.0450000e+00
   1.9099000e+00   2.0500000e+00
   1.9281000e+00   2.0550000e+00
   1.9467000e+00   2.0600000e+00
   1.9658000e+00   2.0650000e+00
   1.9854000e+00   2.0700000e+00
   2.0056000e+00   2.0750000e+00
   2.0264000e+00   2.0800000e+00
   2.0478000e+00   2.0850000e+00
   2.0698000e+00   2.0900000e+00
   2.0925000e+00   2.0950000e+00
   2.1160000e+00   2.1000000e+00
   2.1403000e+00   2.1050000e+00
   2.1654000e+00   2.1100000e+00
   2.1914000e+00   2.1150000e+00
   2.2184000e+00   2.1200000e+00
   2.2465000e+00   2.1250000e+00
   2.2757000e+00   2.1300000e+00
   2.3062000e+00   2.1350000e+00
   2.3381000e+00   2.1400000e+00
   2.3714000e+00   2.1450000e+00
   2.4065000e+00   2.1500000e+00
   2.4434000e+00   2.1550000e+00
   2.4823000e+00   2.1600000e+00
   2.5235000e+00   2.1650000e+00
   2.5673000e+00   2.1700000e+00
   2.6140000e+00   2.1750000e+00
   2.6641000e+00   2.1800000e+00
   2.7182000e+00   2.1850000e+00
   2.7767000e+00   2.1900000e+00
   2.8407000e+00   2.1950000e+00
   2.9111000e+00   2.2000000e+00
   2.9893000e+00   2.2050000e+00
   3.0772000e+00   2.2100000e+00
   3.1772000e+00   2.2150000e+00
   3.2930000e+00   2.2200000e+00
   3.4293000e+00   2.2250000e+00
   3.5936000e+00   2.2300000e+00
   3.7970000e+00   2.2350000e+00
   4.0570000e+00   2.2400000e+00
   4.4022000e+00   2.2450000e+00
   4.8817000e+00   2.2500000e+00
   5.5823000e+00   2.2550000e+00
   6.6639000e+00   2.2600000e+00
   8.4188000e+00   2.2650000e+00
   1.1317000e+01   2.2700000e+00
